REG,DATE,A,D,I,O,ARRS,DEPS,ARRS_DOM,DEPS_DOM,OVR_FLTS
EUR,2019-01-01T00:00:00Z,2975,3176,16092,1252,19067,19268,16092,16092,544
EUR,2019-01-02T00:00:00Z,2814,2823,20207,558,23021,23030,20207,20207,558
EUR,2019-01-03T00:00:00Z,2903,2879,20412,595,23315,23291,20412,20412,595
EUR,2019-01-04T00:00:00Z,2885,2939,20937,544,23822,23876,20937,20937,544
EUR,2019-01-05T00:00:00Z,3054,3053,16796,516,19850,19849,16796,16796,516
EUR,2019-01-06T00:00:00Z,3102,3023,19348,540,22450,22371,19348,19348,540
EUR,2019-01-07T00:00:00Z,2831,2692,20872,496,23703,23564,20872,20872,496
EUR,2019-01-08T00:00:00Z,2669,2692,18873,546,21542,21565,18873,18873,546
EUR,2019-01-09T00:00:00Z,2748,2721,19750,540,22498,22471,19750,19750,540
EUR,2019-01-10T00:00:00Z,2782,2770,19935,544,22717,22705,19935,19935,544
EUR,2019-01-11T00:00:00Z,2794,2850,20736,499,23530,23586,20736,20736,499
EUR,2019-01-12T00:00:00Z,2864,2902,15431,503,18295,18333,15431,15431,503
EUR,2019-01-13T00:00:00Z,2906,2883,18041,546,20947,20924,18041,18041,546
EUR,2019-01-14T00:00:00Z,2681,2601,20691,478,23372,23292,20691,20691,478
EUR,2019-01-15T00:00:00Z,2586,2525,18676,482,21262,21201,18676,18676,482
EUR,2019-01-16T00:00:00Z,2542,2557,20055,490,22597,22612,20055,20055,490
EUR,2019-01-17T00:00:00Z,2673,2670,20573,493,23246,23243,20573,20573,493
EUR,2019-01-18T00:00:00Z,2722,2762,22223,466,24945,24985,22223,22223,466
EUR,2019-01-19T00:00:00Z,2766,2773,15584,462,18350,18357,15584,15584,462
EUR,2019-01-20T00:00:00Z,2823,2755,18648,490,21471,21403,18648,18648,490
EUR,2019-01-21T00:00:00Z,2713,2589,21194,443,23907,23783,21194,21194,443
EUR,2019-01-22T00:00:00Z,2534,2487,19299,468,21833,21786,19299,19299,468
EUR,2019-01-23T00:00:00Z,2482,2526,19840,454,22322,22366,19840,19840,454
EUR,2019-01-24T00:00:00Z,2659,2708,20619,466,23278,23327,20619,20619,466
EUR,2019-01-25T00:00:00Z,2674,2765,21797,447,24471,24562,21797,21797,447
EUR,2019-01-26T00:00:00Z,2730,2778,15408,451,18138,18186,15408,15408,451
EUR,2019-01-27T00:00:00Z,2768,2796,18423,492,21191,21219,18423,18423,492
EUR,2019-01-28T00:00:00Z,2648,2521,20819,430,23467,23340,20819,20819,430
EUR,2019-01-29T00:00:00Z,2479,2463,19492,455,21971,21955,19492,19492,455
EUR,2019-01-30T00:00:00Z,2476,2496,19945,483,22421,22441,19945,19945,483
EUR,2019-01-31T00:00:00Z,2673,2724,20701,478,23374,23425,20701,20701,478
EUR,2019-02-01T00:00:00Z,3265,3316,22619,1218,25884,25935,22619,22619,427
EUR,2019-02-02T00:00:00Z,2762,2808,15804,433,18566,18612,15804,15804,433
EUR,2019-02-03T00:00:00Z,2797,2764,18128,483,20925,20892,18128,18128,483
EUR,2019-02-04T00:00:00Z,2620,2532,21030,427,23650,23562,21030,21030,427
EUR,2019-02-05T00:00:00Z,2515,2445,19760,452,22275,22205,19760,19760,452
EUR,2019-02-06T00:00:00Z,2494,2504,20644,455,23138,23148,20644,20644,455
EUR,2019-02-07T00:00:00Z,2646,2658,21380,463,24026,24038,21380,21380,463
EUR,2019-02-08T00:00:00Z,2652,2720,22475,457,25127,25195,22475,22475,457
EUR,2019-02-09T00:00:00Z,2719,2760,16289,459,19008,19049,16289,16289,459
EUR,2019-02-10T00:00:00Z,2762,2773,18776,475,21538,21549,18776,18776,475
EUR,2019-02-11T00:00:00Z,2630,2531,21406,442,24036,23937,21406,21406,442
EUR,2019-02-12T00:00:00Z,2494,2497,20243,449,22737,22740,20243,20243,449
EUR,2019-02-13T00:00:00Z,2438,2459,20400,473,22838,22859,20400,20400,473
EUR,2019-02-14T00:00:00Z,2715,2718,21787,476,24502,24505,21787,21787,476
EUR,2019-02-15T00:00:00Z,2744,2760,23358,450,26102,26118,23358,23358,450
EUR,2019-02-16T00:00:00Z,2771,2854,17516,443,20287,20370,17516,17516,443
EUR,2019-02-17T00:00:00Z,2835,2801,19722,507,22557,22523,19722,19722,507
EUR,2019-02-18T00:00:00Z,2657,2597,21626,434,24283,24223,21626,21626,434
EUR,2019-02-19T00:00:00Z,2528,2531,20476,443,23004,23007,20476,20476,443
EUR,2019-02-20T00:00:00Z,2540,2516,20913,441,23453,23429,20913,20913,441
EUR,2019-02-21T00:00:00Z,2703,2754,21926,463,24629,24680,21926,21926,463
EUR,2019-02-22T00:00:00Z,2775,2786,22817,478,25592,25603,22817,22817,478
EUR,2019-02-23T00:00:00Z,2839,2854,17510,441,20349,20364,17510,17510,441
EUR,2019-02-24T00:00:00Z,2918,2908,20061,490,22979,22969,20061,20061,490
EUR,2019-02-25T00:00:00Z,2715,2615,22120,424,24835,24735,22120,22120,424
EUR,2019-02-26T00:00:00Z,2580,2553,20851,448,23431,23404,20851,20851,448
EUR,2019-02-27T00:00:00Z,2628,2599,21451,478,24079,24050,21451,21451,478
EUR,2019-02-28T00:00:00Z,2751,2836,22131,504,24882,24967,22131,22131,504
EUR,2019-03-01T00:00:00Z,3459,3545,23992,1412,27451,27537,23992,23992,478
EUR,2019-03-02T00:00:00Z,2847,2896,17374,495,20221,20270,17374,17374,495
EUR,2019-03-03T00:00:00Z,2938,2892,19530,525,22468,22422,19530,19530,525
EUR,2019-03-04T00:00:00Z,2716,2625,21686,478,24402,24311,21686,21686,478
EUR,2019-03-05T00:00:00Z,2609,2598,20931,508,23540,23529,20931,20931,508
EUR,2019-03-06T00:00:00Z,2661,2674,21637,497,24298,24311,21637,21637,497
EUR,2019-03-07T00:00:00Z,2817,2849,22072,501,24889,24921,22072,22072,501
EUR,2019-03-08T00:00:00Z,2800,2811,23243,479,26043,26054,23243,23243,479
EUR,2019-03-09T00:00:00Z,2870,2946,17010,488,19880,19956,17010,17010,488
EUR,2019-03-10T00:00:00Z,2964,2976,19395,542,22359,22371,19395,19395,542
EUR,2019-03-11T00:00:00Z,2776,2708,22365,476,25141,25073,22365,22365,476
EUR,2019-03-12T00:00:00Z,2645,2628,21147,507,23792,23775,21147,21147,507
EUR,2019-03-13T00:00:00Z,2644,2676,21224,525,23868,23900,21224,21224,525
EUR,2019-03-14T00:00:00Z,2790,2801,22171,527,24961,24972,22171,22171,527
EUR,2019-03-15T00:00:00Z,2825,2854,23487,513,26312,26341,23487,23487,513
EUR,2019-03-16T00:00:00Z,2912,2927,17110,522,20022,20037,17110,17110,522
EUR,2019-03-17T00:00:00Z,2954,2951,19665,550,22619,22616,19665,19665,550
EUR,2019-03-18T00:00:00Z,2754,2705,22594,509,25348,25299,22594,22594,509
EUR,2019-03-19T00:00:00Z,2612,2658,21142,500,23754,23800,21142,21142,500
EUR,2019-03-20T00:00:00Z,2707,2708,22064,550,24771,24772,22064,22064,550
EUR,2019-03-21T00:00:00Z,2872,2837,22596,529,25468,25433,22596,22596,529
EUR,2019-03-22T00:00:00Z,2882,2918,23759,525,26641,26677,23759,23759,525
EUR,2019-03-23T00:00:00Z,2895,2944,17120,509,20015,20064,17120,17120,509
EUR,2019-03-24T00:00:00Z,2941,2958,20014,530,22955,22972,20014,20014,530
EUR,2019-03-25T00:00:00Z,2777,2703,22224,502,25001,24927,22224,22224,502
EUR,2019-03-26T00:00:00Z,2693,2678,21480,508,24173,24158,21480,21480,508
EUR,2019-03-27T00:00:00Z,2715,2711,22052,526,24767,24763,22052,22052,526
EUR,2019-03-28T00:00:00Z,2878,2864,22626,533,25504,25490,22626,22626,533
EUR,2019-03-29T00:00:00Z,2883,2905,23713,519,26596,26618,23713,23713,519
EUR,2019-03-30T00:00:00Z,2944,2974,17243,534,20187,20217,17243,17243,534
EUR,2019-03-31T00:00:00Z,3012,3053,20975,601,23987,24028,20975,20975,601
EUR,2019-04-01T00:00:00Z,3568,3525,25330,1564,28898,28855,25330,25330,560
EUR,2019-04-02T00:00:00Z,2850,2812,23765,537,26615,26577,23765,23765,537
EUR,2019-04-03T00:00:00Z,2880,2908,24263,542,27143,27171,24263,24263,542
EUR,2019-04-04T00:00:00Z,2987,2995,24541,560,27528,27536,24541,24541,560
EUR,2019-04-05T00:00:00Z,3008,2949,25350,534,28358,28299,25350,25350,534
EUR,2019-04-06T00:00:00Z,2918,2997,19501,530,22419,22498,19501,19501,530
EUR,2019-04-07T00:00:00Z,3022,3004,21647,566,24669,24651,21647,21647,566
EUR,2019-04-08T00:00:00Z,2909,2869,24212,502,27121,27081,24212,24212,502
EUR,2019-04-09T00:00:00Z,2829,2809,23899,500,26728,26708,23899,23899,500
EUR,2019-04-10T00:00:00Z,2905,2910,24670,532,27575,27580,24670,24670,532
EUR,2019-04-11T00:00:00Z,3011,3064,25164,515,28175,28228,25164,25164,515
EUR,2019-04-12T00:00:00Z,3067,3066,26164,516,29231,29230,26164,26164,516
EUR,2019-04-13T00:00:00Z,3091,3155,20665,501,23756,23820,20665,20665,501
EUR,2019-04-14T00:00:00Z,3117,3118,22187,559,25304,25305,22187,22187,559
EUR,2019-04-15T00:00:00Z,2998,2965,24223,481,27221,27188,24223,24223,481
EUR,2019-04-16T00:00:00Z,2907,2888,23776,517,26683,26664,23776,23776,517
EUR,2019-04-17T00:00:00Z,2913,2961,24688,525,27601,27649,24688,24688,525
EUR,2019-04-18T00:00:00Z,3086,3152,25022,572,28108,28174,25022,25022,572
EUR,2019-04-19T00:00:00Z,3089,3076,23039,507,26128,26115,23039,23039,507
EUR,2019-04-20T00:00:00Z,3108,3170,19971,506,23079,23141,19971,19971,506
EUR,2019-04-21T00:00:00Z,3154,3153,20937,554,24091,24090,20937,20937,554
EUR,2019-04-22T00:00:00Z,3049,2910,23112,537,26161,26022,23112,23112,537
EUR,2019-04-23T00:00:00Z,2943,2933,24524,508,27467,27457,24524,24524,508
EUR,2019-04-24T00:00:00Z,2984,2984,24600,542,27584,27584,24600,24600,542
EUR,2019-04-25T00:00:00Z,3099,3118,25073,595,28172,28191,25073,25073,595
EUR,2019-04-26T00:00:00Z,3130,3174,25054,542,28184,28228,25054,25054,542
EUR,2019-04-27T00:00:00Z,3310,3327,20536,535,23846,23863,20536,20536,535
EUR,2019-04-28T00:00:00Z,3361,3334,22243,561,25604,25577,22243,22243,561
EUR,2019-04-29T00:00:00Z,3068,2962,24552,528,27620,27514,24552,24552,528
EUR,2019-04-30T00:00:00Z,3077,3062,24010,571,27087,27072,24010,24010,571
EUR,2019-05-01T00:00:00Z,3866,3807,23893,1422,27759,27700,23893,23893,520
EUR,2019-05-02T00:00:00Z,3123,3109,24887,573,28010,27996,24887,24887,573
EUR,2019-05-03T00:00:00Z,3099,3108,26121,536,29220,29229,26121,26121,536
EUR,2019-05-04T00:00:00Z,3166,3263,21284,520,24450,24547,21284,21284,520
EUR,2019-05-05T00:00:00Z,3296,3216,23402,545,26698,26618,23402,23402,545
EUR,2019-05-06T00:00:00Z,3026,2940,25531,509,28557,28471,25531,25531,509
EUR,2019-05-07T00:00:00Z,2889,2854,25727,512,28616,28581,25727,25727,512
EUR,2019-05-08T00:00:00Z,2921,2920,25162,512,28083,28082,25162,25162,512
EUR,2019-05-09T00:00:00Z,2916,2947,24579,528,27495,27526,24579,24579,528
EUR,2019-05-10T00:00:00Z,3046,3065,27157,515,30203,30222,27157,27157,515
EUR,2019-05-11T00:00:00Z,3096,3191,21622,496,24718,24813,21622,21622,496
EUR,2019-05-12T00:00:00Z,3163,3199,23731,542,26894,26930,23731,23731,542
EUR,2019-05-13T00:00:00Z,3005,2897,26130,488,29135,29027,26130,26130,488
EUR,2019-05-14T00:00:00Z,2827,2762,25425,458,28252,28187,25425,25425,458
EUR,2019-05-15T00:00:00Z,2894,2885,25742,466,28636,28627,25742,25742,466
EUR,2019-05-16T00:00:00Z,2967,2972,26259,498,29226,29231,26259,26259,498
EUR,2019-05-17T00:00:00Z,2979,2990,26365,458,29344,29355,26365,26365,458
EUR,2019-05-18T00:00:00Z,3042,3069,21834,449,24876,24903,21834,21834,449
EUR,2019-05-19T00:00:00Z,3113,3113,23666,496,26779,26779,23666,23666,496
EUR,2019-05-20T00:00:00Z,2971,2914,26197,486,29168,29111,26197,26197,486
EUR,2019-05-21T00:00:00Z,2826,2786,25014,483,27840,27800,25014,25014,483
EUR,2019-05-22T00:00:00Z,2871,2862,26453,486,29324,29315,26453,26453,486
EUR,2019-05-23T00:00:00Z,3025,3036,27084,515,30109,30120,27084,27084,515
EUR,2019-05-24T00:00:00Z,3085,3105,27919,464,31004,31024,27919,27919,464
EUR,2019-05-25T00:00:00Z,3140,3189,22631,436,25771,25820,22631,22631,436
EUR,2019-05-26T00:00:00Z,3184,3169,24409,481,27593,27578,24409,24409,481
EUR,2019-05-27T00:00:00Z,2985,2994,26809,453,29794,29803,26809,26809,453
EUR,2019-05-28T00:00:00Z,2931,2903,26365,456,29296,29268,26365,26365,456
EUR,2019-05-29T00:00:00Z,3002,3041,27454,461,30456,30495,27454,27454,461
EUR,2019-05-30T00:00:00Z,3134,3146,25225,489,28359,28371,25225,25225,489
EUR,2019-05-31T00:00:00Z,3244,3197,26008,469,29252,29205,26008,26008,469
EUR,2019-06-01T00:00:00Z,4356,4495,24517,1246,28873,29012,24517,24517,547
EUR,2019-06-02T00:00:00Z,3443,3454,26416,496,29859,29870,26416,26416,496
EUR,2019-06-03T00:00:00Z,3342,3280,27321,514,30663,30601,27321,27321,514
EUR,2019-06-04T00:00:00Z,3207,3202,26998,547,30205,30200,26998,26998,547
EUR,2019-06-05T00:00:00Z,3364,3377,27317,564,30681,30694,27317,27317,564
EUR,2019-06-06T00:00:00Z,3427,3415,27361,569,30788,30776,27361,27361,569
EUR,2019-06-07T00:00:00Z,3529,3507,28381,572,31910,31888,28381,28381,572
EUR,2019-06-08T00:00:00Z,3520,3585,23697,538,27217,27282,23697,23697,538
EUR,2019-06-09T00:00:00Z,3511,3507,24660,551,28171,28167,24660,24660,551
EUR,2019-06-10T00:00:00Z,3467,3412,26670,570,30137,30082,26670,26670,570
EUR,2019-06-11T00:00:00Z,3328,3305,27525,544,30853,30830,27525,27525,544
EUR,2019-06-12T00:00:00Z,3358,3338,27825,569,31183,31163,27825,27825,569
EUR,2019-06-13T00:00:00Z,3457,3454,28684,576,32141,32138,28684,28684,576
EUR,2019-06-14T00:00:00Z,3505,3473,29091,565,32596,32564,29091,29091,565
EUR,2019-06-15T00:00:00Z,3489,3534,24149,509,27638,27683,24149,24149,509
EUR,2019-06-16T00:00:00Z,3649,3610,25902,539,29551,29512,25902,25902,539
EUR,2019-06-17T00:00:00Z,3487,3430,28309,502,31796,31739,28309,28309,502
EUR,2019-06-18T00:00:00Z,3370,3364,27772,516,31142,31136,27772,27772,516
EUR,2019-06-19T00:00:00Z,3418,3411,28124,523,31542,31535,28124,28124,523
EUR,2019-06-20T00:00:00Z,3519,3566,28010,547,31529,31576,28010,28010,547
EUR,2019-06-21T00:00:00Z,3606,3577,28244,525,31850,31821,28244,28244,525
EUR,2019-06-22T00:00:00Z,3542,3571,24025,484,27567,27596,24025,24025,484
EUR,2019-06-23T00:00:00Z,3669,3643,26045,538,29714,29688,26045,26045,538
EUR,2019-06-24T00:00:00Z,3506,3499,28153,507,31659,31652,28153,28153,507
EUR,2019-06-25T00:00:00Z,3434,3435,27725,505,31159,31160,27725,27725,505
EUR,2019-06-26T00:00:00Z,3480,3485,28095,544,31575,31580,28095,28095,544
EUR,2019-06-27T00:00:00Z,3600,3654,28834,537,32434,32488,28834,28834,537
EUR,2019-06-28T00:00:00Z,3641,3655,29215,537,32856,32870,29215,29215,537
EUR,2019-06-29T00:00:00Z,3600,3620,24786,492,28386,28406,24786,24786,492
EUR,2019-06-30T00:00:00Z,3696,3708,26378,554,30074,30086,26378,26378,554
EUR,2019-07-01T00:00:00Z,4781,4798,29477,1392,34258,34275,29477,29477,564
EUR,2019-07-02T00:00:00Z,3555,3579,27653,516,31208,31232,27653,27653,516
EUR,2019-07-03T00:00:00Z,3590,3576,28086,541,31676,31662,28086,28086,541
EUR,2019-07-04T00:00:00Z,3651,3671,28731,564,32382,32402,28731,28731,564
EUR,2019-07-05T00:00:00Z,3687,3650,29041,541,32728,32691,29041,29041,541
EUR,2019-07-06T00:00:00Z,3597,3660,24704,500,28301,28364,24704,24704,500
EUR,2019-07-07T00:00:00Z,3721,3718,25936,548,29657,29654,25936,25936,548
EUR,2019-07-08T00:00:00Z,3616,3558,28140,521,31756,31698,28140,28140,521
EUR,2019-07-09T00:00:00Z,3530,3553,27617,496,31147,31170,27617,27617,496
EUR,2019-07-10T00:00:00Z,3590,3560,27954,544,31544,31514,27954,27954,544
EUR,2019-07-11T00:00:00Z,3636,3694,28585,544,32221,32279,28585,28585,544
EUR,2019-07-12T00:00:00Z,3669,3615,28645,532,32314,32260,28645,28645,532
EUR,2019-07-13T00:00:00Z,3634,3683,24850,498,28484,28533,24850,24850,498
EUR,2019-07-14T00:00:00Z,3670,3732,26110,566,29780,29842,26110,26110,566
EUR,2019-07-15T00:00:00Z,3651,3640,28140,512,31791,31780,28140,28140,512
EUR,2019-07-16T00:00:00Z,3593,3565,27505,493,31098,31070,27505,27505,493
EUR,2019-07-17T00:00:00Z,3579,3601,27709,553,31288,31310,27709,27709,553
EUR,2019-07-18T00:00:00Z,3667,3699,28266,577,31933,31965,28266,28266,577
EUR,2019-07-19T00:00:00Z,3689,3683,28657,606,32346,32340,28657,28657,606
EUR,2019-07-20T00:00:00Z,3647,3679,24861,543,28508,28540,24861,24861,543
EUR,2019-07-21T00:00:00Z,3698,3680,25889,588,29587,29569,25889,25889,588
EUR,2019-07-22T00:00:00Z,3630,3595,27728,557,31358,31323,27728,27728,557
EUR,2019-07-23T00:00:00Z,3580,3580,27310,543,30890,30890,27310,27310,543
EUR,2019-07-24T00:00:00Z,3565,3574,27327,562,30892,30901,27327,27327,562
EUR,2019-07-25T00:00:00Z,3669,3655,27649,589,31318,31304,27649,27649,589
EUR,2019-07-26T00:00:00Z,3678,3710,28113,555,31791,31823,28113,28113,555
EUR,2019-07-27T00:00:00Z,3673,3695,24460,533,28133,28155,24460,24460,533
EUR,2019-07-28T00:00:00Z,3745,3768,25769,585,29514,29537,25769,25769,585
EUR,2019-07-29T00:00:00Z,3655,3613,27702,552,31357,31315,27702,27702,552
EUR,2019-07-30T00:00:00Z,3637,3620,26830,557,30467,30450,26830,26830,557
EUR,2019-07-31T00:00:00Z,3631,3728,27361,584,30992,31089,27361,27361,584
EUR,2019-08-01T00:00:00Z,4801,4817,28994,1421,33795,33811,28994,28994,587
EUR,2019-08-02T00:00:00Z,3694,3676,27871,584,31565,31547,27871,27871,584
EUR,2019-08-03T00:00:00Z,3666,3707,24780,524,28446,28487,24780,24780,524
EUR,2019-08-04T00:00:00Z,3726,3732,25778,587,29504,29510,25778,25778,587
EUR,2019-08-05T00:00:00Z,3639,3608,26949,529,30588,30557,26949,26949,529
EUR,2019-08-06T00:00:00Z,3549,3565,26444,506,29993,30009,26444,26444,506
EUR,2019-08-07T00:00:00Z,3603,3586,26349,537,29952,29935,26349,26349,537
EUR,2019-08-08T00:00:00Z,3690,3683,27236,539,30926,30919,27236,27236,539
EUR,2019-08-09T00:00:00Z,3678,3643,27856,534,31534,31499,27856,27856,534
EUR,2019-08-10T00:00:00Z,3653,3726,24720,489,28373,28446,24720,24720,489
EUR,2019-08-11T00:00:00Z,3677,3693,25792,538,29469,29485,25792,25792,538
EUR,2019-08-12T00:00:00Z,3619,3575,27038,486,30657,30613,27038,27038,486
EUR,2019-08-13T00:00:00Z,3576,3563,26630,497,30206,30193,26630,26630,497
EUR,2019-08-14T00:00:00Z,3647,3637,27031,523,30678,30668,27031,27031,523
EUR,2019-08-15T00:00:00Z,3675,3694,26739,552,30414,30433,26739,26739,552
EUR,2019-08-16T00:00:00Z,3663,3698,27658,551,31321,31356,27658,27658,551
EUR,2019-08-17T00:00:00Z,3688,3759,24563,524,28251,28322,24563,24563,524
EUR,2019-08-18T00:00:00Z,3758,3749,26089,589,29847,29838,26089,26089,589
EUR,2019-08-19T00:00:00Z,3685,3642,27439,562,31124,31081,27439,27439,562
EUR,2019-08-20T00:00:00Z,3620,3632,26952,575,30572,30584,26952,26952,575
EUR,2019-08-21T00:00:00Z,3674,3645,27387,595,31061,31032,27387,27387,595
EUR,2019-08-22T00:00:00Z,3723,3735,28073,620,31796,31808,28073,28073,620
EUR,2019-08-23T00:00:00Z,3767,3718,28379,584,32146,32097,28379,28379,584
EUR,2019-08-24T00:00:00Z,3735,3787,24453,542,28188,28240,24453,24453,542
EUR,2019-08-25T00:00:00Z,3775,3806,25945,585,29720,29751,25945,25945,585
EUR,2019-08-26T00:00:00Z,3724,3672,27712,549,31436,31384,27712,27712,549
EUR,2019-08-27T00:00:00Z,3629,3636,27419,546,31048,31055,27419,27419,546
EUR,2019-08-28T00:00:00Z,3650,3658,27846,568,31496,31504,27846,27846,568
EUR,2019-08-29T00:00:00Z,3764,3803,28400,593,32164,32203,28400,28400,593
EUR,2019-08-30T00:00:00Z,3757,3775,28758,573,32515,32533,28758,28758,573
EUR,2019-08-31T00:00:00Z,3725,3776,24643,521,28368,28419,24643,24643,521
EUR,2019-09-01T00:00:00Z,4555,4645,27033,1301,31588,31678,27033,27033,520
EUR,2019-09-02T00:00:00Z,3607,3530,27757,538,31364,31287,27757,27757,538
EUR,2019-09-03T00:00:00Z,3480,3490,27687,534,31167,31177,27687,27687,534
EUR,2019-09-04T00:00:00Z,3499,3486,28105,520,31604,31591,28105,28105,520
EUR,2019-09-05T00:00:00Z,3627,3612,28461,541,32088,32073,28461,28461,541
EUR,2019-09-06T00:00:00Z,3536,3502,28393,542,31929,31895,28393,28393,542
EUR,2019-09-07T00:00:00Z,3536,3591,23928,487,27464,27519,23928,23928,487
EUR,2019-09-08T00:00:00Z,3619,3646,25994,570,29613,29640,25994,25994,570
EUR,2019-09-09T00:00:00Z,3419,3301,27472,519,30891,30773,27472,27472,519
EUR,2019-09-10T00:00:00Z,3288,3245,26972,513,30260,30217,26972,26972,513
EUR,2019-09-11T00:00:00Z,3363,3350,27914,512,31277,31264,27914,27914,512
EUR,2019-09-12T00:00:00Z,3478,3534,28657,532,32135,32191,28657,28657,532
EUR,2019-09-13T00:00:00Z,3509,3470,28964,520,32473,32434,28964,28964,520
EUR,2019-09-14T00:00:00Z,3472,3512,23886,500,27358,27398,23886,23886,500
EUR,2019-09-15T00:00:00Z,3564,3557,25834,536,29398,29391,25834,25834,536
EUR,2019-09-16T00:00:00Z,3409,3362,27817,506,31226,31179,27817,27817,506
EUR,2019-09-17T00:00:00Z,3308,3285,27411,485,30719,30696,27411,27411,485
EUR,2019-09-18T00:00:00Z,3284,3285,27811,492,31095,31096,27811,27811,492
EUR,2019-09-19T00:00:00Z,3452,3477,28311,516,31763,31788,28311,28311,516
EUR,2019-09-20T00:00:00Z,3428,3434,28821,504,32249,32255,28821,28821,504
EUR,2019-09-21T00:00:00Z,3434,3471,23442,489,26876,26913,23442,23442,489
EUR,2019-09-22T00:00:00Z,3544,3556,25259,527,28803,28815,25259,25259,527
EUR,2019-09-23T00:00:00Z,3358,3307,27578,503,30936,30885,27578,27578,503
EUR,2019-09-24T00:00:00Z,3239,3257,26931,478,30170,30188,26931,26931,478
EUR,2019-09-25T00:00:00Z,3327,3330,27692,521,31019,31022,27692,27692,521
EUR,2019-09-26T00:00:00Z,3411,3444,27997,530,31408,31441,27997,27997,530
EUR,2019-09-27T00:00:00Z,3459,3449,27958,535,31417,31407,27958,27958,535
EUR,2019-09-28T00:00:00Z,3426,3488,23214,489,26640,26702,23214,23214,489
EUR,2019-09-29T00:00:00Z,3502,3454,25083,503,28585,28537,25083,25083,503
EUR,2019-09-30T00:00:00Z,3274,3197,27144,460,30418,30341,27144,27144,460
EUR,2019-10-01T00:00:00Z,3843,3973,26923,1264,30766,30896,26923,26923,503
EUR,2019-10-02T00:00:00Z,3292,3302,26479,510,29771,29781,26479,26479,510
EUR,2019-10-03T00:00:00Z,3292,3322,26648,523,29940,29970,26648,26648,523
EUR,2019-10-04T00:00:00Z,3280,3286,27146,503,30426,30432,27146,27146,503
EUR,2019-10-05T00:00:00Z,3299,3346,22075,473,25374,25421,22075,22075,473
EUR,2019-10-06T00:00:00Z,3369,3388,24286,543,27655,27674,24286,24286,543
EUR,2019-10-07T00:00:00Z,3208,3175,26202,505,29410,29377,26202,26202,505
EUR,2019-10-08T00:00:00Z,3064,2978,25219,449,28283,28197,25219,25219,449
EUR,2019-10-09T00:00:00Z,2916,2992,25576,436,28492,28568,25576,25576,436
EUR,2019-10-10T00:00:00Z,3268,3279,26391,513,29659,29670,26391,26391,513
EUR,2019-10-11T00:00:00Z,3328,3336,26929,508,30257,30265,26929,26929,508
EUR,2019-10-12T00:00:00Z,3291,3341,21602,472,24893,24943,21602,21602,472
EUR,2019-10-13T00:00:00Z,3361,3376,23613,532,26974,26989,23613,23613,532
EUR,2019-10-14T00:00:00Z,3188,3133,25762,504,28950,28895,25762,25762,504
EUR,2019-10-15T00:00:00Z,3111,3097,24909,487,28020,28006,24909,24909,487
EUR,2019-10-16T00:00:00Z,3114,3164,25376,516,28490,28540,25376,25376,516
EUR,2019-10-17T00:00:00Z,3267,3255,26238,515,29505,29493,26238,26238,515
EUR,2019-10-18T00:00:00Z,3283,3325,26549,524,29832,29874,26549,26549,524
EUR,2019-10-19T00:00:00Z,3302,3416,21298,500,24600,24714,21298,21298,500
EUR,2019-10-20T00:00:00Z,3377,3365,23036,532,26413,26401,23036,23036,532
EUR,2019-10-21T00:00:00Z,3189,3146,25719,486,28908,28865,25719,25719,486
EUR,2019-10-22T00:00:00Z,3072,3053,24663,525,27735,27716,24663,24663,525
EUR,2019-10-23T00:00:00Z,3126,3145,25361,508,28487,28506,25361,25361,508
EUR,2019-10-24T00:00:00Z,3223,3237,26075,551,29298,29312,26075,26075,551
EUR,2019-10-25T00:00:00Z,3223,3248,25913,562,29136,29161,25913,25913,562
EUR,2019-10-26T00:00:00Z,3234,3309,21243,521,24477,24552,21243,21243,521
EUR,2019-10-27T00:00:00Z,3198,3159,21364,558,24562,24523,21364,21364,558
EUR,2019-10-28T00:00:00Z,2976,2881,23545,469,26521,26426,23545,23545,469
EUR,2019-10-29T00:00:00Z,2809,2857,22321,506,25130,25178,22321,22321,506
EUR,2019-10-30T00:00:00Z,2889,2923,22769,506,25658,25692,22769,22769,506
EUR,2019-10-31T00:00:00Z,2984,3015,23232,520,26216,26247,23232,23232,520
EUR,2019-11-01T00:00:00Z,3459,3558,23288,1349,26747,26846,23288,23288,490
EUR,2019-11-02T00:00:00Z,3079,3121,17284,485,20363,20405,17284,17284,485
EUR,2019-11-03T00:00:00Z,3144,3071,20790,543,23934,23861,20790,20790,543
EUR,2019-11-04T00:00:00Z,2947,2897,22946,490,25893,25843,22946,22946,490
EUR,2019-11-05T00:00:00Z,2771,2798,21436,473,24207,24234,21436,21436,473
EUR,2019-11-06T00:00:00Z,2833,2789,21407,503,24240,24196,21407,21407,503
EUR,2019-11-07T00:00:00Z,2854,2852,21644,539,24498,24496,21644,21644,539
EUR,2019-11-08T00:00:00Z,2880,2888,22807,515,25687,25695,22807,22807,515
EUR,2019-11-09T00:00:00Z,2898,3040,15895,500,18793,18935,15895,15895,500
EUR,2019-11-10T00:00:00Z,2999,2984,19389,568,22388,22373,19389,19389,568
EUR,2019-11-11T00:00:00Z,2876,2771,21832,471,24708,24603,21832,21832,471
EUR,2019-11-12T00:00:00Z,2696,2703,20375,484,23071,23078,20375,20375,484
EUR,2019-11-13T00:00:00Z,2707,2700,20680,485,23387,23380,20680,20680,485
EUR,2019-11-14T00:00:00Z,2835,2896,21930,520,24765,24826,21930,21930,520
EUR,2019-11-15T00:00:00Z,2913,2900,23104,497,26017,26004,23104,23104,497
EUR,2019-11-16T00:00:00Z,2921,2986,15831,468,18752,18817,15831,15831,468
EUR,2019-11-17T00:00:00Z,2951,2926,19293,519,22244,22219,19293,19293,519
EUR,2019-11-18T00:00:00Z,2800,2731,22105,442,24905,24836,22105,22105,442
EUR,2019-11-19T00:00:00Z,2664,2685,20279,484,22943,22964,20279,20279,484
EUR,2019-11-20T00:00:00Z,2706,2732,20698,511,23404,23430,20698,20698,511
EUR,2019-11-21T00:00:00Z,2791,2835,21552,521,24343,24387,21552,21552,521
EUR,2019-11-22T00:00:00Z,2866,2872,23118,522,25984,25990,23118,23118,522
EUR,2019-11-23T00:00:00Z,2882,2949,15612,483,18494,18561,15612,15612,483
EUR,2019-11-24T00:00:00Z,2933,2931,19236,521,22169,22167,19236,19236,521
EUR,2019-11-25T00:00:00Z,2726,2682,21279,451,24005,23961,21279,21279,451
EUR,2019-11-26T00:00:00Z,2586,2562,20231,457,22817,22793,20231,20231,457
EUR,2019-11-27T00:00:00Z,2607,2642,20632,483,23239,23274,20632,20632,483
EUR,2019-11-28T00:00:00Z,2698,2647,21661,484,24359,24308,21661,21661,484
EUR,2019-11-29T00:00:00Z,2678,2731,22926,492,25604,25657,22926,22926,492
EUR,2019-11-30T00:00:00Z,2762,2866,15773,475,18535,18639,15773,15773,475
EUR,2019-12-01T00:00:00Z,3283,3350,19886,1127,23169,23236,19886,19886,487
EUR,2019-12-02T00:00:00Z,2813,2693,21923,467,24736,24616,21923,21923,467
EUR,2019-12-03T00:00:00Z,2607,2627,20364,474,22971,22991,20364,20364,474
EUR,2019-12-04T00:00:00Z,2706,2659,21090,487,23796,23749,21090,21090,487
EUR,2019-12-05T00:00:00Z,2720,2740,20686,469,23406,23426,20686,20686,469
EUR,2019-12-06T00:00:00Z,2805,2853,22060,496,24865,24913,22060,22060,496
EUR,2019-12-07T00:00:00Z,2825,2889,15545,466,18370,18434,15545,15545,466
EUR,2019-12-08T00:00:00Z,2931,2877,19133,520,22064,22010,19133,19133,520
EUR,2019-12-09T00:00:00Z,2749,2701,22064,443,24813,24765,22064,22064,443
EUR,2019-12-10T00:00:00Z,2619,2609,19731,484,22350,22340,19731,19731,484
EUR,2019-12-11T00:00:00Z,2673,2688,21146,491,23819,23834,21146,21146,491
EUR,2019-12-12T00:00:00Z,2786,2806,21540,495,24326,24346,21540,21540,495
EUR,2019-12-13T00:00:00Z,2839,2865,22315,502,25154,25180,22315,22315,502
EUR,2019-12-14T00:00:00Z,2883,2965,16147,462,19030,19112,16147,16147,462
EUR,2019-12-15T00:00:00Z,2962,2942,19272,516,22234,22214,19272,19272,516
EUR,2019-12-16T00:00:00Z,2815,2785,22057,473,24872,24842,22057,22057,473
EUR,2019-12-17T00:00:00Z,2713,2733,20184,499,22897,22917,20184,20184,499
EUR,2019-12-18T00:00:00Z,2759,2797,21551,529,24310,24348,21551,21551,529
EUR,2019-12-19T00:00:00Z,2948,2961,22589,544,25537,25550,22589,22589,544
EUR,2019-12-20T00:00:00Z,3009,3045,23459,576,26468,26504,23459,23459,576
EUR,2019-12-21T00:00:00Z,3047,3150,18512,507,21559,21662,18512,18512,507
EUR,2019-12-22T00:00:00Z,3078,3045,19589,548,22667,22634,19589,19589,548
EUR,2019-12-23T00:00:00Z,2891,2837,20488,487,23379,23325,20488,20488,487
EUR,2019-12-24T00:00:00Z,2570,2455,13820,519,16390,16275,13820,13820,519
EUR,2019-12-25T00:00:00Z,2329,2329,9211,515,11540,11540,9211,9211,515
EUR,2019-12-26T00:00:00Z,2698,2867,17776,532,20474,20643,17776,17776,532
EUR,2019-12-27T00:00:00Z,2936,2987,20523,573,23459,23510,20523,20523,573
EUR,2019-12-28T00:00:00Z,3033,3108,17276,522,20309,20384,17276,17276,522
EUR,2019-12-29T00:00:00Z,3045,2954,18798,591,21843,21752,18798,18798,591
EUR,2019-12-30T00:00:00Z,2840,2775,19495,515,22335,22270,19495,19495,515
EUR,2019-12-31T00:00:00Z,2529,2454,14205,480,16734,16659,14205,14205,480
EUR,2020-01-01T00:00:00Z,2757,2930,15623,1268,18380,18553,15623,15623,543
EUR,2020-01-02T00:00:00Z,2928,2991,20057,592,22985,23048,20057,20057,592
EUR,2020-01-03T00:00:00Z,2973,2988,20662,577,23635,23650,20662,20662,577
EUR,2020-01-04T00:00:00Z,3135,3188,17293,543,20428,20481,17293,17293,543
EUR,2020-01-05T00:00:00Z,3166,3087,19601,566,22767,22688,19601,19601,566
EUR,2020-01-06T00:00:00Z,2954,2827,20518,494,23472,23345,20518,20518,494
EUR,2020-01-07T00:00:00Z,2744,2725,18842,550,21586,21567,18842,18842,550
EUR,2020-01-08T00:00:00Z,2690,2732,19137,545,21827,21869,19137,19137,545
EUR,2020-01-09T00:00:00Z,2848,2844,19626,510,22474,22470,19626,19626,510
EUR,2020-01-10T00:00:00Z,2857,2894,21425,537,24282,24319,21425,21425,537
EUR,2020-01-11T00:00:00Z,2994,3044,15417,488,18411,18461,15417,15417,488
EUR,2020-01-12T00:00:00Z,3071,3022,18285,571,21356,21307,18285,18285,571
EUR,2020-01-13T00:00:00Z,2793,2678,20355,464,23148,23033,20355,20355,464
EUR,2020-01-14T00:00:00Z,2570,2528,17824,489,20394,20352,17824,17824,489
EUR,2020-01-15T00:00:00Z,2582,2609,19005,485,21587,21614,19005,19005,485
EUR,2020-01-16T00:00:00Z,2734,2714,20116,507,22850,22830,20116,20116,507
EUR,2020-01-17T00:00:00Z,2788,2774,21508,509,24296,24282,21508,21508,509
EUR,2020-01-18T00:00:00Z,2887,2902,15015,469,17902,17917,15015,15015,469
EUR,2020-01-19T00:00:00Z,2932,2862,18416,530,21348,21278,18416,18416,530
EUR,2020-01-20T00:00:00Z,2765,2663,20562,469,23327,23225,20562,20562,469
EUR,2020-01-21T00:00:00Z,2585,2517,18821,465,21406,21338,18821,18821,465
EUR,2020-01-22T00:00:00Z,2528,2572,19097,494,21625,21669,19097,19097,494
EUR,2020-01-23T00:00:00Z,2697,2738,20450,498,23147,23188,20450,20450,498
EUR,2020-01-24T00:00:00Z,2732,2817,21770,493,24502,24587,21770,21770,493
EUR,2020-01-25T00:00:00Z,2767,2864,15068,462,17835,17932,15068,15068,462
EUR,2020-01-26T00:00:00Z,2861,2814,18521,507,21382,21335,18521,18521,507
EUR,2020-01-27T00:00:00Z,2661,2610,20810,436,23471,23420,20810,20810,436
EUR,2020-01-28T00:00:00Z,2474,2455,18598,454,21072,21053,18598,18598,454
EUR,2020-01-29T00:00:00Z,2462,2506,19200,471,21662,21706,19200,19200,471
EUR,2020-01-30T00:00:00Z,2628,2650,20512,483,23140,23162,20512,20512,483
EUR,2020-01-31T00:00:00Z,2717,2755,21979,482,24696,24734,21979,21979,482
EUR,2020-02-01T00:00:00Z,3174,3282,16393,1018,19567,19675,16393,16393,440
EUR,2020-02-02T00:00:00Z,2852,2791,18623,515,21475,21414,18623,18623,515
EUR,2020-02-03T00:00:00Z,2634,2555,20988,444,23622,23543,20988,20988,444
EUR,2020-02-04T00:00:00Z,2468,2427,18857,440,21325,21284,18857,18857,440
EUR,2020-02-05T00:00:00Z,2462,2431,19734,458,22196,22165,19734,19734,458
EUR,2020-02-06T00:00:00Z,2576,2646,20968,461,23544,23614,20968,20968,461
EUR,2020-02-07T00:00:00Z,2643,2673,22012,442,24655,24685,22012,22012,442
EUR,2020-02-08T00:00:00Z,2756,2844,16127,453,18883,18971,16127,16127,453
EUR,2020-02-09T00:00:00Z,2692,2595,16097,507,18789,18692,16097,16097,507
EUR,2020-02-10T00:00:00Z,2542,2516,18656,427,21198,21172,18656,18656,427
EUR,2020-02-11T00:00:00Z,2452,2462,18870,433,21322,21332,18870,18870,433
EUR,2020-02-12T00:00:00Z,2506,2512,20153,459,22659,22665,20153,20153,459
EUR,2020-02-13T00:00:00Z,2672,2657,21242,453,23914,23899,21242,21242,453
EUR,2020-02-14T00:00:00Z,2744,2781,22869,472,25613,25650,22869,22869,472
EUR,2020-02-15T00:00:00Z,2812,2885,17009,447,19821,19894,17009,17009,447
EUR,2020-02-16T00:00:00Z,2826,2773,18885,498,21711,21658,18885,18885,498
EUR,2020-02-17T00:00:00Z,2621,2569,21443,441,24064,24012,21443,21443,441
EUR,2020-02-18T00:00:00Z,2480,2483,20225,459,22705,22708,20225,20225,459
EUR,2020-02-19T00:00:00Z,2520,2541,20742,476,23262,23283,20742,20742,476
EUR,2020-02-20T00:00:00Z,2697,2738,21319,489,24016,24057,21319,21319,489
EUR,2020-02-21T00:00:00Z,2750,2749,23005,482,25755,25754,23005,23005,482
EUR,2020-02-22T00:00:00Z,2887,2896,17384,459,20271,20280,17384,17384,459
EUR,2020-02-23T00:00:00Z,2909,2847,19423,504,22332,22270,19423,19423,504
EUR,2020-02-24T00:00:00Z,2710,2625,21931,454,24641,24556,21931,21931,454
EUR,2020-02-25T00:00:00Z,2535,2525,20243,460,22778,22768,20243,20243,460
EUR,2020-02-26T00:00:00Z,2556,2581,20463,464,23019,23044,20463,20463,464
EUR,2020-02-27T00:00:00Z,2622,2657,21121,484,23743,23778,21121,21121,484
EUR,2020-02-28T00:00:00Z,2711,2807,22753,512,25464,25560,22753,22753,512
EUR,2020-02-29T00:00:00Z,2846,2905,16674,449,19520,19579,16674,16674,449
EUR,2020-03-01T00:00:00Z,3181,3216,20210,971,23391,23426,20210,20210,480
EUR,2020-03-02T00:00:00Z,2653,2550,21516,442,24169,24066,21516,21516,442
EUR,2020-03-03T00:00:00Z,2539,2534,19975,469,22514,22509,19975,19975,469
EUR,2020-03-04T00:00:00Z,2500,2536,20510,480,23010,23046,20510,20510,480
EUR,2020-03-05T00:00:00Z,2629,2628,20765,478,23394,23393,20765,20765,478
EUR,2020-03-06T00:00:00Z,2639,2641,21684,487,24323,24325,21684,21684,487
EUR,2020-03-07T00:00:00Z,2684,2766,15972,458,18656,18738,15972,15972,458
EUR,2020-03-08T00:00:00Z,2728,2653,18635,475,21363,21288,18635,18635,475
EUR,2020-03-09T00:00:00Z,2493,2436,20174,431,22667,22610,20174,20174,431
EUR,2020-03-10T00:00:00Z,2359,2334,18103,440,20462,20437,18103,18103,440
EUR,2020-03-11T00:00:00Z,2318,2326,18140,447,20458,20466,18140,18140,447
EUR,2020-03-12T00:00:00Z,2371,2404,18549,421,20920,20953,18549,18549,421
EUR,2020-03-13T00:00:00Z,2338,2387,19380,443,21718,21767,19380,19380,443
EUR,2020-03-14T00:00:00Z,2393,2376,13640,394,16033,16016,13640,13640,394
EUR,2020-03-15T00:00:00Z,2261,2164,15038,442,17299,17202,15038,15038,442
EUR,2020-03-16T00:00:00Z,1995,1878,14748,370,16743,16626,14748,14748,370
EUR,2020-03-17T00:00:00Z,1713,1658,11461,324,13174,13119,11461,11461,324
EUR,2020-03-18T00:00:00Z,1612,1576,10203,340,11815,11779,10203,10203,340
EUR,2020-03-19T00:00:00Z,1475,1416,9445,291,10920,10861,9445,9445,291
EUR,2020-03-20T00:00:00Z,1325,1330,9170,316,10495,10500,9170,9170,316
EUR,2020-03-21T00:00:00Z,1145,1113,5422,258,6567,6535,5422,5422,258
EUR,2020-03-22T00:00:00Z,997,935,5343,243,6340,6278,5343,5343,243
EUR,2020-03-23T00:00:00Z,884,775,4950,212,5834,5725,4950,4950,212
EUR,2020-03-24T00:00:00Z,746,720,4576,201,5322,5296,4576,4576,201
EUR,2020-03-25T00:00:00Z,732,689,4225,157,4957,4914,4225,4225,157
EUR,2020-03-26T00:00:00Z,768,724,4241,148,5009,4965,4241,4241,148
EUR,2020-03-27T00:00:00Z,685,676,4124,149,4809,4800,4124,4124,149
EUR,2020-03-28T00:00:00Z,628,602,2226,126,2854,2828,2226,2226,126
EUR,2020-03-29T00:00:00Z,556,533,2140,115,2696,2673,2140,2140,115
EUR,2020-03-30T00:00:00Z,493,461,2998,91,3491,3459,2998,2998,91
EUR,2020-03-31T00:00:00Z,502,508,3097,88,3599,3605,3097,3097,88
EUR,2020-04-01T00:00:00Z,642,618,3722,470,4364,4340,3722,3722,47
EUR,2020-04-02T00:00:00Z,486,498,3023,74,3509,3521,3023,3023,74
EUR,2020-04-03T00:00:00Z,518,515,2972,79,3490,3487,2972,2972,79
EUR,2020-04-04T00:00:00Z,467,469,1577,47,2044,2046,1577,1577,47
EUR,2020-04-05T00:00:00Z,470,437,1692,65,2162,2129,1692,1692,65
EUR,2020-04-06T00:00:00Z,450,455,2657,69,3107,3112,2657,2657,69
EUR,2020-04-07T00:00:00Z,483,502,2791,84,3274,3293,2791,2791,84
EUR,2020-04-08T00:00:00Z,509,508,2977,73,3486,3485,2977,2977,73
EUR,2020-04-09T00:00:00Z,502,497,2780,80,3282,3277,2780,2780,80
EUR,2020-04-10T00:00:00Z,479,481,1975,86,2454,2456,1975,1975,86
EUR,2020-04-11T00:00:00Z,455,463,1220,79,1675,1683,1220,1220,79
EUR,2020-04-12T00:00:00Z,451,435,1136,70,1587,1571,1136,1136,70
EUR,2020-04-13T00:00:00Z,430,377,1727,79,2157,2104,1727,1727,79
EUR,2020-04-14T00:00:00Z,440,445,2754,66,3194,3199,2754,2754,66
EUR,2020-04-15T00:00:00Z,464,493,2974,90,3438,3467,2974,2974,90
EUR,2020-04-16T00:00:00Z,534,531,2995,89,3529,3526,2995,2995,89
EUR,2020-04-17T00:00:00Z,503,531,2795,89,3298,3326,2795,2795,89
EUR,2020-04-18T00:00:00Z,478,474,1278,61,1756,1752,1278,1278,61
EUR,2020-04-19T00:00:00Z,489,447,1439,73,1928,1886,1439,1439,73
EUR,2020-04-20T00:00:00Z,505,484,2732,63,3237,3216,2732,2732,63
EUR,2020-04-21T00:00:00Z,504,515,2928,78,3432,3443,2928,2928,78
EUR,2020-04-22T00:00:00Z,542,570,3149,105,3691,3719,3149,3149,105
EUR,2020-04-23T00:00:00Z,588,586,3214,99,3802,3800,3214,3214,99
EUR,2020-04-24T00:00:00Z,585,574,2996,98,3581,3570,2996,2996,98
EUR,2020-04-25T00:00:00Z,513,515,1376,64,1889,1891,1376,1376,64
EUR,2020-04-26T00:00:00Z,522,530,1554,82,2076,2084,1554,1554,82
EUR,2020-04-27T00:00:00Z,566,529,2906,95,3472,3435,2906,2906,95
EUR,2020-04-28T00:00:00Z,551,582,3045,99,3596,3627,3045,3045,99
EUR,2020-04-29T00:00:00Z,595,592,3273,105,3868,3865,3273,3273,105
EUR,2020-04-30T00:00:00Z,623,620,3153,104,3776,3773,3153,3153,104
EUR,2020-05-01T00:00:00Z,718,725,2782,454,3500,3507,2782,2782,98
EUR,2020-05-02T00:00:00Z,524,541,1282,104,1806,1823,1282,1282,104
EUR,2020-05-03T00:00:00Z,558,522,1698,96,2256,2220,1698,1698,96
EUR,2020-05-04T00:00:00Z,535,527,3164,98,3699,3691,3164,3164,98
EUR,2020-05-05T00:00:00Z,581,582,3213,115,3794,3795,3213,3213,115
EUR,2020-05-06T00:00:00Z,618,634,3422,115,4040,4056,3422,3422,115
EUR,2020-05-07T00:00:00Z,615,614,3641,125,4256,4255,3641,3641,125
EUR,2020-05-08T00:00:00Z,644,638,3111,115,3755,3749,3111,3111,115
EUR,2020-05-09T00:00:00Z,578,587,1632,82,2210,2219,1632,1632,82
EUR,2020-05-10T00:00:00Z,592,586,1748,84,2340,2334,1748,1748,84
EUR,2020-05-11T00:00:00Z,607,580,3211,100,3818,3791,3211,3211,100
EUR,2020-05-12T00:00:00Z,622,632,3645,93,4267,4277,3645,3645,93
EUR,2020-05-13T00:00:00Z,685,713,3680,104,4365,4393,3680,3680,104
EUR,2020-05-14T00:00:00Z,684,709,3872,109,4556,4581,3872,3872,109
EUR,2020-05-15T00:00:00Z,726,716,3783,131,4509,4499,3783,3783,131
EUR,2020-05-16T00:00:00Z,609,635,1899,96,2508,2534,1899,1899,96
EUR,2020-05-17T00:00:00Z,652,617,1913,105,2565,2530,1913,1913,105
EUR,2020-05-18T00:00:00Z,610,627,3728,98,4338,4355,3728,3728,98
EUR,2020-05-19T00:00:00Z,654,653,3884,119,4538,4537,3884,3884,119
EUR,2020-05-20T00:00:00Z,714,725,4326,123,5040,5051,4326,4326,123
EUR,2020-05-21T00:00:00Z,692,710,3334,107,4026,4044,3334,3334,107
EUR,2020-05-22T00:00:00Z,696,685,3522,107,4218,4207,3522,3522,107
EUR,2020-05-23T00:00:00Z,659,658,1964,92,2623,2622,1964,1964,92
EUR,2020-05-24T00:00:00Z,643,612,2330,96,2973,2942,2330,2330,96
EUR,2020-05-25T00:00:00Z,593,565,3819,85,4412,4384,3819,3819,85
EUR,2020-05-26T00:00:00Z,667,659,4149,91,4816,4808,4149,4149,91
EUR,2020-05-27T00:00:00Z,714,719,4483,107,5197,5202,4483,4483,107
EUR,2020-05-28T00:00:00Z,692,701,4425,106,5117,5126,4425,4425,106
EUR,2020-05-29T00:00:00Z,708,723,4377,106,5085,5100,4377,4377,106
EUR,2020-05-30T00:00:00Z,655,657,2172,110,2827,2829,2172,2172,110
EUR,2020-05-31T00:00:00Z,648,612,2222,88,2870,2834,2222,2222,88
EUR,2020-06-01T00:00:00Z,772,782,4643,564,5415,5425,4643,4643,111
EUR,2020-06-02T00:00:00Z,611,634,4639,109,5250,5273,4639,4639,109
EUR,2020-06-03T00:00:00Z,671,711,5079,132,5750,5790,5079,5079,132
EUR,2020-06-04T00:00:00Z,701,702,5272,111,5973,5974,5272,5272,111
EUR,2020-06-05T00:00:00Z,737,717,5122,138,5859,5839,5122,5122,138
EUR,2020-06-06T00:00:00Z,656,673,2966,130,3622,3639,2966,2966,130
EUR,2020-06-07T00:00:00Z,692,666,3320,114,4012,3986,3320,3320,114
EUR,2020-06-08T00:00:00Z,651,614,5174,110,5825,5788,5174,5174,110
EUR,2020-06-09T00:00:00Z,644,645,5277,115,5921,5922,5277,5277,115
EUR,2020-06-10T00:00:00Z,729,752,5597,118,6326,6349,5597,5597,118
EUR,2020-06-11T00:00:00Z,719,695,5357,130,6076,6052,5357,5357,130
EUR,2020-06-12T00:00:00Z,711,727,5683,150,6394,6410,5683,5683,150
EUR,2020-06-13T00:00:00Z,676,691,3183,113,3859,3874,3183,3183,113
EUR,2020-06-14T00:00:00Z,683,671,3709,136,4392,4380,3709,3709,136
EUR,2020-06-15T00:00:00Z,696,677,6383,143,7079,7060,6383,6383,143
EUR,2020-06-16T00:00:00Z,657,657,6317,144,6974,6974,6317,6317,144
EUR,2020-06-17T00:00:00Z,709,710,6643,131,7352,7353,6643,6643,131
EUR,2020-06-18T00:00:00Z,718,719,6817,124,7535,7536,6817,6817,124
EUR,2020-06-19T00:00:00Z,720,737,7005,149,7725,7742,7005,7005,149
EUR,2020-06-20T00:00:00Z,684,720,4448,122,5132,5168,4448,4448,122
EUR,2020-06-21T00:00:00Z,722,681,5391,136,6113,6072,5391,5391,136
EUR,2020-06-22T00:00:00Z,710,652,7362,137,8072,8014,7362,7362,137
EUR,2020-06-23T00:00:00Z,665,680,7234,164,7899,7914,7234,7234,164
EUR,2020-06-24T00:00:00Z,719,744,7586,140,8305,8330,7586,7586,140
EUR,2020-06-25T00:00:00Z,787,748,7850,159,8637,8598,7850,7850,159
EUR,2020-06-26T00:00:00Z,751,786,8128,160,8879,8914,8128,8128,160
EUR,2020-06-27T00:00:00Z,679,693,5211,129,5890,5904,5211,5211,129
EUR,2020-06-28T00:00:00Z,723,686,5977,148,6700,6663,5977,5977,148
EUR,2020-06-29T00:00:00Z,681,657,7673,164,8354,8330,7673,7673,164
EUR,2020-06-30T00:00:00Z,680,682,7771,136,8451,8453,7771,7771,136
EUR,2020-07-01T00:00:00Z,1017,1099,11863,645,12880,12962,11863,11863,171
EUR,2020-07-02T00:00:00Z,827,833,10861,164,11688,11694,10861,10861,164
EUR,2020-07-03T00:00:00Z,811,851,12082,186,12893,12933,12082,12082,186
EUR,2020-07-04T00:00:00Z,789,786,9321,171,10110,10107,9321,9321,171
EUR,2020-07-05T00:00:00Z,808,788,10058,178,10866,10846,10058,10058,178
EUR,2020-07-06T00:00:00Z,746,736,11310,151,12056,12046,11310,11310,151
EUR,2020-07-07T00:00:00Z,746,758,10635,166,11381,11393,10635,10635,166
EUR,2020-07-08T00:00:00Z,809,818,11316,174,12125,12134,11316,11316,174
EUR,2020-07-09T00:00:00Z,838,837,11300,178,12138,12137,11300,11300,178
EUR,2020-07-10T00:00:00Z,853,857,12659,191,13512,13516,12659,12659,191
EUR,2020-07-11T00:00:00Z,819,839,10069,170,10888,10908,10069,10069,170
EUR,2020-07-12T00:00:00Z,832,788,10574,160,11406,11362,10574,10574,160
EUR,2020-07-13T00:00:00Z,765,758,11641,177,12406,12399,11641,11641,177
EUR,2020-07-14T00:00:00Z,791,782,11026,168,11817,11808,11026,11026,168
EUR,2020-07-15T00:00:00Z,877,906,12159,202,13036,13065,12159,12159,202
EUR,2020-07-16T00:00:00Z,942,961,12550,202,13492,13511,12550,12550,202
EUR,2020-07-17T00:00:00Z,945,926,13700,211,14645,14626,13700,13700,211
EUR,2020-07-18T00:00:00Z,894,919,11250,203,12144,12169,11250,11250,203
EUR,2020-07-19T00:00:00Z,896,884,11762,211,12658,12646,11762,11762,211
EUR,2020-07-20T00:00:00Z,853,853,12896,189,13749,13749,12896,12896,189
EUR,2020-07-21T00:00:00Z,860,822,12052,176,12912,12874,12052,12052,176
EUR,2020-07-22T00:00:00Z,915,920,12411,211,13326,13331,12411,12411,211
EUR,2020-07-23T00:00:00Z,994,958,12974,240,13968,13932,12974,12974,240
EUR,2020-07-24T00:00:00Z,939,957,14126,208,15065,15083,14126,14126,208
EUR,2020-07-25T00:00:00Z,910,909,12112,238,13022,13021,12112,12112,238
EUR,2020-07-26T00:00:00Z,902,894,12266,221,13168,13160,12266,12266,221
EUR,2020-07-27T00:00:00Z,839,845,13138,194,13977,13983,13138,13138,194
EUR,2020-07-28T00:00:00Z,851,825,12165,202,13016,12990,12165,12165,202
EUR,2020-07-29T00:00:00Z,940,981,12726,226,13666,13707,12726,12726,226
EUR,2020-07-30T00:00:00Z,935,938,13243,225,14178,14181,13243,13243,225
EUR,2020-07-31T00:00:00Z,930,942,14466,196,15396,15408,14466,14466,196
EUR,2020-08-01T00:00:00Z,1131,1195,14867,752,15998,16062,14867,14867,195
EUR,2020-08-02T00:00:00Z,946,928,14195,222,15141,15123,14195,14195,222
EUR,2020-08-03T00:00:00Z,904,869,14871,193,15775,15740,14871,14871,193
EUR,2020-08-04T00:00:00Z,858,857,13717,195,14575,14574,13717,13717,195
EUR,2020-08-05T00:00:00Z,954,997,14162,225,15116,15159,14162,14162,225
EUR,2020-08-06T00:00:00Z,996,977,14471,257,15467,15448,14471,14471,257
EUR,2020-08-07T00:00:00Z,977,1000,15866,261,16843,16866,15866,15866,261
EUR,2020-08-08T00:00:00Z,1018,1013,13965,257,14983,14978,13965,13965,257
EUR,2020-08-09T00:00:00Z,962,968,14376,249,15338,15344,14376,14376,249
EUR,2020-08-10T00:00:00Z,1039,974,14853,227,15892,15827,14853,14853,227
EUR,2020-08-11T00:00:00Z,961,951,13468,233,14429,14419,13468,13468,233
EUR,2020-08-12T00:00:00Z,1017,1034,13868,246,14885,14902,13868,13868,246
EUR,2020-08-13T00:00:00Z,1046,1066,14137,247,15183,15203,14137,14137,247
EUR,2020-08-14T00:00:00Z,1045,1091,15827,243,16872,16918,15827,15827,243
EUR,2020-08-15T00:00:00Z,1129,1121,13915,245,15044,15036,13915,13915,245
EUR,2020-08-16T00:00:00Z,1064,1083,14721,250,15785,15804,14721,14721,250
EUR,2020-08-17T00:00:00Z,1044,1004,15040,216,16084,16044,15040,15040,216
EUR,2020-08-18T00:00:00Z,972,991,13636,220,14608,14627,13636,13636,220
EUR,2020-08-19T00:00:00Z,1041,1043,14354,238,15395,15397,14354,14354,238
EUR,2020-08-20T00:00:00Z,1097,1074,14783,243,15880,15857,14783,14783,243
EUR,2020-08-21T00:00:00Z,1079,1089,15902,246,16981,16991,15902,15902,246
EUR,2020-08-22T00:00:00Z,1100,1133,13810,229,14910,14943,13810,13810,229
EUR,2020-08-23T00:00:00Z,1090,1080,14824,260,15914,15904,14824,14824,260
EUR,2020-08-24T00:00:00Z,1048,978,15348,215,16396,16326,15348,15348,215
EUR,2020-08-25T00:00:00Z,990,1000,13938,218,14928,14938,13938,13938,218
EUR,2020-08-26T00:00:00Z,1081,1106,14328,246,15409,15434,14328,14328,246
EUR,2020-08-27T00:00:00Z,1141,1147,15128,253,16269,16275,15128,15128,253
EUR,2020-08-28T00:00:00Z,1136,1167,16206,245,17342,17373,16206,16206,245
EUR,2020-08-29T00:00:00Z,1159,1181,13686,229,14845,14867,13686,13686,229
EUR,2020-08-30T00:00:00Z,1166,1175,14823,254,15989,15998,14823,14823,254
EUR,2020-08-31T00:00:00Z,1098,1034,15610,223,16708,16644,15610,15610,223
EUR,2020-09-01T00:00:00Z,1193,1196,14470,706,15663,15666,14470,14470,228
EUR,2020-09-02T00:00:00Z,1063,1129,13827,233,14890,14956,13827,13827,233
EUR,2020-09-03T00:00:00Z,1187,1131,14451,253,15638,15582,14451,14451,253
EUR,2020-09-04T00:00:00Z,1124,1152,15755,228,16879,16907,15755,15755,228
EUR,2020-09-05T00:00:00Z,1166,1156,12666,228,13832,13822,12666,12666,228
EUR,2020-09-06T00:00:00Z,1137,1145,13817,253,14954,14962,13817,13817,253
EUR,2020-09-07T00:00:00Z,1055,1026,14503,210,15558,15529,14503,14503,210
EUR,2020-09-08T00:00:00Z,965,995,13129,236,14094,14124,13129,13129,236
EUR,2020-09-09T00:00:00Z,1105,1120,13559,239,14664,14679,13559,13559,239
EUR,2020-09-10T00:00:00Z,1168,1148,14091,263,15259,15239,14091,14091,263
EUR,2020-09-11T00:00:00Z,1145,1144,15503,246,16648,16647,15503,15503,246
EUR,2020-09-12T00:00:00Z,1154,1185,12028,234,13182,13213,12028,12028,234
EUR,2020-09-13T00:00:00Z,1162,1154,13594,247,14756,14748,13594,13594,247
EUR,2020-09-14T00:00:00Z,1049,987,14044,218,15093,15031,14044,14044,218
EUR,2020-09-15T00:00:00Z,1034,1018,12618,228,13652,13636,12618,12618,228
EUR,2020-09-16T00:00:00Z,1112,1156,12937,237,14049,14093,12937,12937,237
EUR,2020-09-17T00:00:00Z,1197,1166,13438,241,14635,14604,13438,13438,241
EUR,2020-09-18T00:00:00Z,1197,1203,14870,241,16067,16073,14870,14870,241
EUR,2020-09-19T00:00:00Z,1143,1173,11333,243,12476,12506,11333,11333,243
EUR,2020-09-20T00:00:00Z,1166,1157,12913,254,14079,14070,12913,12913,254
EUR,2020-09-21T00:00:00Z,1059,1002,13532,216,14591,14534,13532,13532,216
EUR,2020-09-22T00:00:00Z,990,1005,12253,224,13243,13258,12253,12253,224
EUR,2020-09-23T00:00:00Z,1115,1147,12548,234,13663,13695,12548,12548,234
EUR,2020-09-24T00:00:00Z,1163,1191,13088,238,14251,14279,13088,13088,238
EUR,2020-09-25T00:00:00Z,1226,1211,14434,243,15660,15645,14434,14434,243
EUR,2020-09-26T00:00:00Z,1128,1183,10969,253,12097,12152,10969,10969,253
EUR,2020-09-27T00:00:00Z,1174,1150,12468,235,13642,13618,12468,12468,235
EUR,2020-09-28T00:00:00Z,1021,1011,13172,202,14193,14183,13172,13172,202
EUR,2020-09-29T00:00:00Z,1039,1027,11881,227,12920,12908,11881,11881,227
EUR,2020-09-30T00:00:00Z,1136,1164,12669,234,13805,13833,12669,12669,234
EUR,2020-10-01T00:00:00Z,1372,1465,13280,753,14652,14745,13280,13280,222
EUR,2020-10-02T00:00:00Z,1197,1205,13562,234,14759,14767,13562,13562,234
EUR,2020-10-03T00:00:00Z,1209,1246,10068,234,11277,11314,10068,10068,234
EUR,2020-10-04T00:00:00Z,1187,1174,11430,222,12617,12604,11430,11430,222
EUR,2020-10-05T00:00:00Z,1074,1009,12387,211,13461,13396,12387,12387,211
EUR,2020-10-06T00:00:00Z,994,982,10802,201,11796,11784,10802,10802,201
EUR,2020-10-07T00:00:00Z,1072,1151,11396,205,12468,12547,11396,11396,205
EUR,2020-10-08T00:00:00Z,1169,1135,11978,219,13147,13113,11978,11978,219
EUR,2020-10-09T00:00:00Z,1160,1173,13806,239,14966,14979,13806,13806,239
EUR,2020-10-10T00:00:00Z,1186,1238,9967,240,11153,11205,9967,9967,240
EUR,2020-10-11T00:00:00Z,1190,1188,11318,242,12508,12506,11318,11318,242
EUR,2020-10-12T00:00:00Z,1090,1026,12005,211,13095,13031,12005,12005,211
EUR,2020-10-13T00:00:00Z,1009,1023,10460,200,11469,11483,10460,10460,200
EUR,2020-10-14T00:00:00Z,1125,1185,10942,235,12067,12127,10942,10942,235
EUR,2020-10-15T00:00:00Z,1205,1187,11034,255,12239,12221,11034,11034,255
EUR,2020-10-16T00:00:00Z,1256,1278,13543,274,14799,14821,13543,13543,274
EUR,2020-10-17T00:00:00Z,1220,1271,10129,248,11349,11400,10129,10129,248
EUR,2020-10-18T00:00:00Z,1270,1226,11140,238,12410,12366,11140,11140,238
EUR,2020-10-19T00:00:00Z,1088,1063,11583,221,12671,12646,11583,11583,221
EUR,2020-10-20T00:00:00Z,1010,1012,9912,235,10922,10924,9912,9912,235
EUR,2020-10-21T00:00:00Z,1142,1152,10308,220,11450,11460,10308,10308,220
EUR,2020-10-22T00:00:00Z,1176,1196,11105,251,12281,12301,11105,11105,251
EUR,2020-10-23T00:00:00Z,1214,1247,12728,271,13942,13975,12728,12728,271
EUR,2020-10-24T00:00:00Z,1214,1263,9692,262,10906,10955,9692,9692,262
EUR,2020-10-25T00:00:00Z,1253,1229,10557,256,11810,11786,10557,10557,256
EUR,2020-10-26T00:00:00Z,1095,1075,11114,229,12209,12189,11114,11114,229
EUR,2020-10-27T00:00:00Z,1027,1048,9555,237,10582,10603,9555,9555,237
EUR,2020-10-28T00:00:00Z,1149,1189,10041,255,11190,11230,10041,10041,255
EUR,2020-10-29T00:00:00Z,1258,1236,10692,254,11950,11928,10692,10692,254
EUR,2020-10-30T00:00:00Z,1231,1248,12119,275,13350,13367,12119,12119,275
EUR,2020-10-31T00:00:00Z,1296,1307,8630,281,9926,9937,8630,8630,281
EUR,2020-11-01T00:00:00Z,1469,1459,10666,677,12135,12125,10666,10666,246
EUR,2020-11-02T00:00:00Z,1072,1070,10248,251,11320,11318,10248,10248,251
EUR,2020-11-03T00:00:00Z,1041,1043,8634,221,9675,9677,8634,8634,221
EUR,2020-11-04T00:00:00Z,1162,1169,9058,246,10220,10227,9058,9058,246
EUR,2020-11-05T00:00:00Z,1175,1189,9142,249,10317,10331,9142,9142,249
EUR,2020-11-06T00:00:00Z,1187,1216,10612,261,11799,11828,10612,10612,261
EUR,2020-11-07T00:00:00Z,1226,1259,6649,256,7875,7908,6649,6649,256
EUR,2020-11-08T00:00:00Z,1232,1215,8176,292,9408,9391,8176,8176,292
EUR,2020-11-09T00:00:00Z,1072,1022,8814,243,9886,9836,8814,8814,243
EUR,2020-11-10T00:00:00Z,1030,1026,7433,242,8463,8459,7433,7433,242
EUR,2020-11-11T00:00:00Z,1133,1139,7455,270,8588,8594,7455,7455,270
EUR,2020-11-12T00:00:00Z,1162,1194,8170,272,9332,9364,8170,8170,272
EUR,2020-11-13T00:00:00Z,1151,1161,9384,269,10535,10545,9384,9384,269
EUR,2020-11-14T00:00:00Z,1129,1175,5470,268,6599,6645,5470,5470,268
EUR,2020-11-15T00:00:00Z,1230,1182,6931,259,8161,8113,6931,6931,259
EUR,2020-11-16T00:00:00Z,1092,1045,8140,251,9232,9185,8140,8140,251
EUR,2020-11-17T00:00:00Z,988,996,7031,227,8019,8027,7031,7031,227
EUR,2020-11-18T00:00:00Z,1076,1110,7725,239,8801,8835,7725,7725,239
EUR,2020-11-19T00:00:00Z,1098,1111,7566,259,8664,8677,7566,7566,259
EUR,2020-11-20T00:00:00Z,1134,1177,8642,266,9776,9819,8642,8642,266
EUR,2020-11-21T00:00:00Z,1155,1159,4922,261,6077,6081,4922,4922,261
EUR,2020-11-22T00:00:00Z,1191,1127,6177,281,7368,7304,6177,6177,281
EUR,2020-11-23T00:00:00Z,1028,1039,7594,236,8622,8633,7594,7594,236
EUR,2020-11-24T00:00:00Z,971,1003,6629,227,7600,7632,6629,6629,227
EUR,2020-11-25T00:00:00Z,1107,1115,7226,247,8333,8341,7226,7226,247
EUR,2020-11-26T00:00:00Z,1098,1091,7212,261,8310,8303,7212,7212,261
EUR,2020-11-27T00:00:00Z,1143,1159,8267,281,9410,9426,8267,8267,281
EUR,2020-11-28T00:00:00Z,1098,1139,4690,250,5788,5829,4690,4690,250
EUR,2020-11-29T00:00:00Z,1176,1134,6053,255,7229,7187,6053,6053,255
EUR,2020-11-30T00:00:00Z,1029,982,7607,244,8636,8589,7607,7607,244
EUR,2020-12-01T00:00:00Z,1121,1164,7264,692,8385,8428,7264,7264,266
EUR,2020-12-02T00:00:00Z,1052,1099,7299,239,8351,8398,7299,7299,239
EUR,2020-12-03T00:00:00Z,1126,1163,7360,257,8486,8523,7360,7360,257
EUR,2020-12-04T00:00:00Z,1189,1203,8695,266,9884,9898,8695,8695,266
EUR,2020-12-05T00:00:00Z,1160,1215,4986,264,6146,6201,4986,4986,264
EUR,2020-12-06T00:00:00Z,1262,1186,5886,267,7148,7072,5886,5886,267
EUR,2020-12-07T00:00:00Z,1074,1071,7393,259,8467,8464,7393,7393,259
EUR,2020-12-08T00:00:00Z,1032,1021,6861,230,7893,7882,6861,6861,230
EUR,2020-12-09T00:00:00Z,1145,1173,7323,248,8468,8496,7323,7323,248
EUR,2020-12-10T00:00:00Z,1238,1251,7712,255,8950,8963,7712,7712,255
EUR,2020-12-11T00:00:00Z,1268,1277,8939,291,10207,10216,8939,8939,291
EUR,2020-12-12T00:00:00Z,1233,1277,5300,265,6533,6577,5300,5300,265
EUR,2020-12-13T00:00:00Z,1300,1256,6488,271,7788,7744,6488,6488,271
EUR,2020-12-14T00:00:00Z,1155,1132,8325,259,9480,9457,8325,8325,259
EUR,2020-12-15T00:00:00Z,1184,1189,7644,253,8828,8833,7644,7644,253
EUR,2020-12-16T00:00:00Z,1261,1271,8463,260,9724,9734,8463,8463,260
EUR,2020-12-17T00:00:00Z,1317,1375,9893,271,11210,11268,9893,9893,271
EUR,2020-12-18T00:00:00Z,1410,1421,11856,298,13266,13277,11856,11856,298
EUR,2020-12-19T00:00:00Z,1403,1492,8847,293,10250,10339,8847,8847,293
EUR,2020-12-20T00:00:00Z,1431,1388,9170,284,10601,10558,9170,9170,284
EUR,2020-12-21T00:00:00Z,1255,1215,9666,281,10921,10881,9666,9666,281
EUR,2020-12-22T00:00:00Z,1168,1154,8985,258,10153,10139,8985,8985,258
EUR,2020-12-23T00:00:00Z,1261,1277,9928,307,11189,11205,9928,9928,307
EUR,2020-12-24T00:00:00Z,1123,1059,6251,284,7374,7310,6251,6251,284
EUR,2020-12-25T00:00:00Z,992,993,3565,306,4557,4558,3565,3565,306
EUR,2020-12-26T00:00:00Z,1050,1190,6059,276,7109,7249,6059,6059,276
EUR,2020-12-27T00:00:00Z,1193,1194,8010,300,9203,9204,8010,8010,300
EUR,2020-12-28T00:00:00Z,1080,1070,8081,295,9161,9151,8081,8081,295
EUR,2020-12-29T00:00:00Z,1036,1025,7164,285,8200,8189,7164,7164,285
EUR,2020-12-30T00:00:00Z,1177,1182,8121,309,9298,9303,8121,8121,309
EUR,2020-12-31T00:00:00Z,971,975,4878,275,5849,5853,4878,4878,275
EUR,2021-01-01T00:00:00Z,1043,1150,4911,673,5954,6061,4911,4911,290
EUR,2021-01-02T00:00:00Z,1137,1190,6998,319,8135,8188,6998,6998,319
EUR,2021-01-03T00:00:00Z,1272,1191,9259,350,10531,10450,9259,9259,350
EUR,2021-01-04T00:00:00Z,1109,1064,8972,290,10081,10036,8972,8972,290
EUR,2021-01-05T00:00:00Z,1046,976,7428,271,8474,8404,7428,7428,271
EUR,2021-01-06T00:00:00Z,1100,1138,7282,275,8382,8420,7282,7282,275
EUR,2021-01-07T00:00:00Z,1163,1163,7431,290,8594,8594,7431,7431,290
EUR,2021-01-08T00:00:00Z,1202,1215,8648,305,9850,9863,8648,8648,305
EUR,2021-01-09T00:00:00Z,1235,1240,5761,326,6996,7001,5761,5761,326
EUR,2021-01-10T00:00:00Z,1293,1241,7339,352,8632,8580,7339,7339,352
EUR,2021-01-11T00:00:00Z,1085,1019,7373,272,8458,8392,7373,7373,272
EUR,2021-01-12T00:00:00Z,988,970,6214,274,7202,7184,6214,6214,274
EUR,2021-01-13T00:00:00Z,1091,1134,6599,265,7690,7733,6599,6599,265
EUR,2021-01-14T00:00:00Z,1160,1184,6892,298,8052,8076,6892,6892,298
EUR,2021-01-15T00:00:00Z,1196,1209,7881,310,9077,9090,7881,7881,310
EUR,2021-01-16T00:00:00Z,1199,1234,4552,283,5751,5786,4552,4552,283
EUR,2021-01-17T00:00:00Z,1254,1174,5607,272,6861,6781,5607,5607,272
EUR,2021-01-18T00:00:00Z,1063,1011,7132,237,8195,8143,7132,7132,237
EUR,2021-01-19T00:00:00Z,960,970,6095,257,7055,7065,6095,6095,257
EUR,2021-01-20T00:00:00Z,1082,1114,6642,231,7724,7756,6642,6642,231
EUR,2021-01-21T00:00:00Z,1095,1119,6616,261,7711,7735,6616,6616,261
EUR,2021-01-22T00:00:00Z,1164,1170,7618,268,8782,8788,7618,7618,268
EUR,2021-01-23T00:00:00Z,1151,1183,4276,258,5427,5459,4276,4276,258
EUR,2021-01-24T00:00:00Z,1218,1179,5308,269,6526,6487,5308,5308,269
EUR,2021-01-25T00:00:00Z,1106,1025,6816,242,7922,7841,6816,6816,242
EUR,2021-01-26T00:00:00Z,979,965,6134,244,7113,7099,6134,6134,244
EUR,2021-01-27T00:00:00Z,1025,1073,6285,247,7310,7358,6285,6285,247
EUR,2021-01-28T00:00:00Z,1114,1127,6869,276,7983,7996,6869,6869,276
EUR,2021-01-29T00:00:00Z,1151,1188,7454,261,8605,8642,7454,7454,261
EUR,2021-01-30T00:00:00Z,1188,1217,4257,256,5445,5474,4257,4257,256
EUR,2021-01-31T00:00:00Z,1221,1137,5565,259,6786,6702,5565,5565,259
EUR,2021-02-01T00:00:00Z,1148,1103,7700,594,8848,8803,7700,7700,256
EUR,2021-02-02T00:00:00Z,947,985,6116,224,7063,7101,6116,6116,224
EUR,2021-02-03T00:00:00Z,1041,1088,6553,222,7594,7641,6553,6553,222
EUR,2021-02-04T00:00:00Z,1131,1133,7061,256,8192,8194,7061,7061,256
EUR,2021-02-05T00:00:00Z,1161,1209,7855,253,9016,9064,7855,7855,253
EUR,2021-02-06T00:00:00Z,1207,1224,4338,244,5545,5562,4338,4338,244
EUR,2021-02-07T00:00:00Z,1232,1083,4832,245,6064,5915,4832,4832,245
EUR,2021-02-08T00:00:00Z,1009,992,6148,221,7157,7140,6148,6148,221
EUR,2021-02-09T00:00:00Z,931,1001,5568,229,6499,6569,5568,5568,229
EUR,2021-02-10T00:00:00Z,1116,1107,6437,242,7553,7544,6437,6437,242
EUR,2021-02-11T00:00:00Z,1115,1146,6987,261,8102,8133,6987,6987,261
EUR,2021-02-12T00:00:00Z,1169,1190,7919,263,9088,9109,7919,7919,263
EUR,2021-02-13T00:00:00Z,1188,1214,4981,246,6169,6195,4981,4981,246
EUR,2021-02-14T00:00:00Z,1176,1110,5599,247,6775,6709,5599,5599,247
EUR,2021-02-15T00:00:00Z,1017,964,6847,244,7864,7811,6847,6847,244
EUR,2021-02-16T00:00:00Z,905,925,5934,217,6839,6859,5934,5934,217
EUR,2021-02-17T00:00:00Z,1006,1044,6719,236,7725,7763,6719,6719,236
EUR,2021-02-18T00:00:00Z,1074,1065,7179,259,8253,8244,7179,7179,259
EUR,2021-02-19T00:00:00Z,1094,1159,7971,282,9065,9130,7971,7971,282
EUR,2021-02-20T00:00:00Z,1151,1212,4965,305,6116,6177,4965,4965,305
EUR,2021-02-21T00:00:00Z,1238,1135,5828,280,7066,6963,5828,5828,280
EUR,2021-02-22T00:00:00Z,1010,957,7155,230,8165,8112,7155,7155,230
EUR,2021-02-23T00:00:00Z,956,960,6282,250,7238,7242,6282,6282,250
EUR,2021-02-24T00:00:00Z,1051,1061,7102,263,8153,8163,7102,7102,263
EUR,2021-02-25T00:00:00Z,1133,1142,7480,277,8613,8622,7480,7480,277
EUR,2021-02-26T00:00:00Z,1162,1204,8219,302,9381,9423,8219,8219,302
EUR,2021-02-27T00:00:00Z,1222,1266,4948,294,6170,6214,4948,4948,294
EUR,2021-02-28T00:00:00Z,1283,1209,5965,287,7248,7174,5965,5965,287
EUR,2021-03-01T00:00:00Z,1263,1204,8319,830,9582,9523,8319,8319,294
EUR,2021-03-02T00:00:00Z,960,996,6626,251,7586,7622,6626,6626,251
EUR,2021-03-03T00:00:00Z,1098,1148,7165,248,8263,8313,7165,7165,248
EUR,2021-03-04T00:00:00Z,1205,1223,7483,294,8688,8706,7483,7483,294
EUR,2021-03-05T00:00:00Z,1194,1243,8239,339,9433,9482,8239,8239,339
EUR,2021-03-06T00:00:00Z,1230,1249,4913,294,6143,6162,4913,4913,294
EUR,2021-03-07T00:00:00Z,1296,1189,5862,287,7158,7051,5862,5862,287
EUR,2021-03-08T00:00:00Z,1075,1044,7432,294,8507,8476,7432,7432,294
EUR,2021-03-09T00:00:00Z,1041,1036,6559,252,7600,7595,6559,6559,252
EUR,2021-03-10T00:00:00Z,1112,1155,7187,284,8299,8342,7187,7187,284
EUR,2021-03-11T00:00:00Z,1197,1196,7006,280,8203,8202,7006,7006,280
EUR,2021-03-12T00:00:00Z,1206,1230,8206,294,9412,9436,8206,8206,294
EUR,2021-03-13T00:00:00Z,1217,1267,4576,288,5793,5843,4576,4576,288
EUR,2021-03-14T00:00:00Z,1300,1207,5772,313,7072,6979,5772,5772,313
EUR,2021-03-15T00:00:00Z,1111,1057,7256,254,8367,8313,7256,7256,254
EUR,2021-03-16T00:00:00Z,1037,1060,6696,282,7733,7756,6696,6696,282
EUR,2021-03-17T00:00:00Z,1150,1192,7290,301,8440,8482,7290,7290,301
EUR,2021-03-18T00:00:00Z,1252,1242,7692,309,8944,8934,7692,7692,309
EUR,2021-03-19T00:00:00Z,1248,1279,8571,332,9819,9850,8571,8571,332
EUR,2021-03-20T00:00:00Z,1289,1339,5143,305,6432,6482,5143,5143,305
EUR,2021-03-21T00:00:00Z,1329,1241,6076,327,7405,7317,6076,6076,327
EUR,2021-03-22T00:00:00Z,1135,1096,7737,272,8872,8833,7737,7737,272
EUR,2021-03-23T00:00:00Z,1059,1098,6874,258,7933,7972,6874,6874,258
EUR,2021-03-24T00:00:00Z,1182,1217,7761,282,8943,8978,7761,7761,282
EUR,2021-03-25T00:00:00Z,1305,1329,8372,314,9677,9701,8372,8372,314
EUR,2021-03-26T00:00:00Z,1313,1347,9654,313,10967,11001,9654,9654,313
EUR,2021-03-27T00:00:00Z,1307,1368,5967,306,7274,7335,5967,5967,306
EUR,2021-03-28T00:00:00Z,1394,1307,7252,334,8646,8559,7252,7252,334
EUR,2021-03-29T00:00:00Z,1222,1173,8564,286,9786,9737,8564,8564,286
EUR,2021-03-30T00:00:00Z,1200,1184,7785,282,8985,8969,7785,7785,282
EUR,2021-03-31T00:00:00Z,1212,1265,9079,295,10291,10344,9079,9079,295
EUR,2021-04-01T00:00:00Z,1481,1557,10009,853,11490,11566,10009,10009,337
EUR,2021-04-02T00:00:00Z,1353,1324,8602,321,9955,9926,8602,8602,321
EUR,2021-04-03T00:00:00Z,1321,1355,6056,339,7377,7411,6056,6056,339
EUR,2021-04-04T00:00:00Z,1351,1289,6459,337,7810,7748,6459,6459,337
EUR,2021-04-05T00:00:00Z,1177,1109,7408,305,8585,8517,7408,7408,305
EUR,2021-04-06T00:00:00Z,1093,1077,7354,313,8447,8431,7354,7354,313
EUR,2021-04-07T00:00:00Z,1209,1249,8077,333,9286,9326,8077,8077,333
EUR,2021-04-08T00:00:00Z,1327,1349,8545,328,9872,9894,8545,8545,328
EUR,2021-04-09T00:00:00Z,1340,1363,9787,320,11127,11150,9787,9787,320
EUR,2021-04-10T00:00:00Z,1362,1379,6510,307,7872,7889,6510,6510,307
EUR,2021-04-11T00:00:00Z,1429,1344,7836,355,9265,9180,7836,7836,355
EUR,2021-04-12T00:00:00Z,1221,1146,8500,296,9721,9646,8500,8500,296
EUR,2021-04-13T00:00:00Z,1126,1093,7484,301,8610,8577,7484,7484,301
EUR,2021-04-14T00:00:00Z,1193,1236,8139,288,9332,9375,8139,8139,288
EUR,2021-04-15T00:00:00Z,1262,1304,8552,329,9814,9856,8552,8552,329
EUR,2021-04-16T00:00:00Z,1276,1259,9719,309,10995,10978,9719,9719,309
EUR,2021-04-17T00:00:00Z,1268,1325,6072,315,7340,7397,6072,6072,315
EUR,2021-04-18T00:00:00Z,1379,1294,7386,326,8765,8680,7386,7386,326
EUR,2021-04-19T00:00:00Z,1168,1138,8581,295,9749,9719,8581,8581,295
EUR,2021-04-20T00:00:00Z,1108,1104,7676,284,8784,8780,7676,7676,284
EUR,2021-04-21T00:00:00Z,1149,1206,8155,286,9304,9361,8155,8155,286
EUR,2021-04-22T00:00:00Z,1265,1285,8469,315,9734,9754,8469,8469,315
EUR,2021-04-23T00:00:00Z,1239,1267,9693,322,10932,10960,9693,9693,322
EUR,2021-04-24T00:00:00Z,1280,1314,6253,319,7533,7567,6253,6253,319
EUR,2021-04-25T00:00:00Z,1288,1246,7228,330,8516,8474,7228,7228,330
EUR,2021-04-26T00:00:00Z,1127,1134,8540,304,9667,9674,8540,8540,304
EUR,2021-04-27T00:00:00Z,1084,1055,7629,309,8713,8684,7629,7629,309
EUR,2021-04-28T00:00:00Z,1178,1213,8488,340,9666,9701,8488,8488,340
EUR,2021-04-29T00:00:00Z,1299,1329,9065,365,10364,10394,9065,9065,365
EUR,2021-04-30T00:00:00Z,1352,1339,9573,388,10925,10912,9573,9573,388
EUR,2021-05-01T00:00:00Z,1653,1683,7422,807,9075,9105,7422,7422,335
EUR,2021-05-02T00:00:00Z,1335,1244,7066,355,8401,8310,7066,7066,355
EUR,2021-05-03T00:00:00Z,1179,1109,8744,339,9923,9853,8744,8744,339
EUR,2021-05-04T00:00:00Z,1070,1077,7683,335,8753,8760,7683,7683,335
EUR,2021-05-05T00:00:00Z,1165,1177,8442,340,9607,9619,8442,8442,340
EUR,2021-05-06T00:00:00Z,1208,1255,8855,348,10063,10110,8855,8855,348
EUR,2021-05-07T00:00:00Z,1285,1273,10342,367,11627,11615,10342,10342,367
EUR,2021-05-08T00:00:00Z,1302,1339,7092,368,8394,8431,7092,7092,368
EUR,2021-05-09T00:00:00Z,1328,1227,7905,400,9233,9132,7905,7905,400
EUR,2021-05-10T00:00:00Z,1180,1187,9091,406,10271,10278,9091,9091,406
EUR,2021-05-11T00:00:00Z,1149,1133,8234,344,9383,9367,8234,8234,344
EUR,2021-05-12T00:00:00Z,1190,1199,9760,340,10950,10959,9760,9760,340
EUR,2021-05-13T00:00:00Z,1240,1244,8471,335,9711,9715,8471,8471,335
EUR,2021-05-14T00:00:00Z,1275,1237,9293,339,10568,10530,9293,9293,339
EUR,2021-05-15T00:00:00Z,1274,1334,6850,347,8124,8184,6850,6850,347
EUR,2021-05-16T00:00:00Z,1357,1219,9292,344,10649,10511,9292,9292,344
EUR,2021-05-17T00:00:00Z,1177,1158,10111,319,11288,11269,10111,10111,319
EUR,2021-05-18T00:00:00Z,1133,1130,9282,343,10415,10412,9282,9282,343
EUR,2021-05-19T00:00:00Z,1196,1225,9778,340,10974,11003,9778,9778,340
EUR,2021-05-20T00:00:00Z,1286,1297,11013,358,12299,12310,11013,11013,358
EUR,2021-05-21T00:00:00Z,1301,1314,12485,368,13786,13799,12485,12485,368
EUR,2021-05-22T00:00:00Z,1265,1319,8334,342,9599,9653,8334,8334,342
EUR,2021-05-23T00:00:00Z,1359,1319,9136,372,10495,10455,9136,9136,372
EUR,2021-05-24T00:00:00Z,1196,1154,10936,348,12132,12090,10936,10936,348
EUR,2021-05-25T00:00:00Z,1106,1118,9736,351,10842,10854,9736,9736,351
EUR,2021-05-26T00:00:00Z,1217,1221,10336,360,11553,11557,10336,10336,360
EUR,2021-05-27T00:00:00Z,1284,1314,11132,363,12416,12446,11132,11132,363
EUR,2021-05-28T00:00:00Z,1342,1302,13359,373,14701,14661,13359,13359,373
EUR,2021-05-29T00:00:00Z,1273,1343,9511,357,10784,10854,9511,9511,357
EUR,2021-05-30T00:00:00Z,1366,1303,10542,393,11908,11845,10542,10542,393
EUR,2021-05-31T00:00:00Z,1168,1164,11278,354,12446,12442,11278,11278,354
EUR,2021-06-01T00:00:00Z,1598,1633,13036,989,14634,14669,13036,13036,373
EUR,2021-06-02T00:00:00Z,1273,1290,12546,368,13819,13836,12546,12546,368
EUR,2021-06-03T00:00:00Z,1365,1393,12672,388,14037,14065,12672,12672,388
EUR,2021-06-04T00:00:00Z,1372,1336,14170,373,15542,15506,14170,14170,373
EUR,2021-06-05T00:00:00Z,1362,1381,11205,395,12567,12586,11205,11205,395
EUR,2021-06-06T00:00:00Z,1428,1377,13068,411,14496,14445,13068,13068,411
EUR,2021-06-07T00:00:00Z,1266,1236,13287,375,14553,14523,13287,13287,375
EUR,2021-06-08T00:00:00Z,1167,1168,11840,368,13007,13008,11840,11840,368
EUR,2021-06-09T00:00:00Z,1293,1282,12510,389,13803,13792,12510,12510,389
EUR,2021-06-10T00:00:00Z,1386,1420,13433,408,14819,14853,13433,13433,408
EUR,2021-06-11T00:00:00Z,1404,1391,15020,392,16424,16411,15020,15020,392
EUR,2021-06-12T00:00:00Z,1400,1431,11397,396,12797,12828,11397,11397,396
EUR,2021-06-13T00:00:00Z,1488,1408,13091,411,14579,14499,13091,13091,411
EUR,2021-06-14T00:00:00Z,1339,1334,14010,391,15349,15344,14010,14010,391
EUR,2021-06-15T00:00:00Z,1410,1393,12554,380,13964,13947,12554,12554,380
EUR,2021-06-16T00:00:00Z,1526,1532,13755,392,15281,15287,13755,13755,392
EUR,2021-06-17T00:00:00Z,1580,1598,14470,419,16050,16068,14470,14470,419
EUR,2021-06-18T00:00:00Z,1621,1585,16110,401,17731,17695,16110,16110,401
EUR,2021-06-19T00:00:00Z,1569,1648,12765,425,14334,14413,12765,12765,425
EUR,2021-06-20T00:00:00Z,1729,1669,14087,432,15816,15756,14087,14087,432
EUR,2021-06-21T00:00:00Z,1519,1499,14928,398,16447,16427,14928,14928,398
EUR,2021-06-22T00:00:00Z,1516,1509,13606,404,15122,15115,13606,13606,404
EUR,2021-06-23T00:00:00Z,1588,1626,14347,391,15935,15973,14347,14347,391
EUR,2021-06-24T00:00:00Z,1746,1731,15294,440,17040,17025,15294,15294,440
EUR,2021-06-25T00:00:00Z,1781,1783,16983,427,18764,18766,16983,16983,427
EUR,2021-06-26T00:00:00Z,1761,1774,13872,427,15633,15646,13872,13872,427
EUR,2021-06-27T00:00:00Z,1847,1807,15226,431,17073,17033,15226,15226,431
EUR,2021-06-28T00:00:00Z,1684,1626,16145,407,17829,17771,16145,16145,407
EUR,2021-06-29T00:00:00Z,1626,1643,14394,401,16020,16037,14394,14394,401
EUR,2021-06-30T00:00:00Z,1721,1772,15621,423,17342,17393,15621,15621,423
EUR,2021-07-01T00:00:00Z,2595,2667,19183,1121,21778,21850,19183,19183,445
EUR,2021-07-02T00:00:00Z,1954,1966,19298,437,21252,21264,19298,19298,437
EUR,2021-07-03T00:00:00Z,1970,1980,16788,407,18758,18768,16788,16788,407
EUR,2021-07-04T00:00:00Z,2014,1946,17325,445,19339,19271,17325,17325,445
EUR,2021-07-05T00:00:00Z,1821,1789,17976,408,19797,19765,17976,17976,408
EUR,2021-07-06T00:00:00Z,1791,1772,16220,412,18011,17992,16220,16220,412
EUR,2021-07-07T00:00:00Z,1868,1934,17228,400,19096,19162,17228,17228,400
EUR,2021-07-08T00:00:00Z,1996,2039,17800,433,19796,19839,17800,17800,433
EUR,2021-07-09T00:00:00Z,2033,2008,19817,429,21850,21825,19817,19817,429
EUR,2021-07-10T00:00:00Z,2024,2068,17318,409,19342,19386,17318,17318,409
EUR,2021-07-11T00:00:00Z,2097,2014,17862,438,19959,19876,17862,17862,438
EUR,2021-07-12T00:00:00Z,1901,1893,18473,408,20374,20366,18473,18473,408
EUR,2021-07-13T00:00:00Z,1839,1863,16564,391,18403,18427,16564,16564,391
EUR,2021-07-14T00:00:00Z,1944,1962,17122,437,19066,19084,17122,17122,437
EUR,2021-07-15T00:00:00Z,2066,2074,18176,450,20242,20250,18176,18176,450
EUR,2021-07-16T00:00:00Z,2112,2082,20440,434,22552,22522,20440,20440,434
EUR,2021-07-17T00:00:00Z,2101,2093,18223,419,20324,20316,18223,18223,419
EUR,2021-07-18T00:00:00Z,2066,2042,18578,436,20644,20620,18578,18578,436
EUR,2021-07-19T00:00:00Z,1948,1926,19429,403,21377,21355,19429,19429,403
EUR,2021-07-20T00:00:00Z,1911,1891,18136,383,20047,20027,18136,18136,383
EUR,2021-07-21T00:00:00Z,1885,1947,18517,388,20402,20464,18517,18517,388
EUR,2021-07-22T00:00:00Z,2010,2036,19194,407,21204,21230,19194,19194,407
EUR,2021-07-23T00:00:00Z,2082,2069,21114,437,23196,23183,21114,21114,437
EUR,2021-07-24T00:00:00Z,2081,2105,18867,422,20948,20972,18867,18867,422
EUR,2021-07-25T00:00:00Z,2095,2044,19482,448,21577,21526,19482,19482,448
EUR,2021-07-26T00:00:00Z,1848,1842,18319,412,20167,20161,18319,18319,412
EUR,2021-07-27T00:00:00Z,1874,1863,18102,397,19976,19965,18102,18102,397
EUR,2021-07-28T00:00:00Z,1946,1974,18631,411,20577,20605,18631,18631,411
EUR,2021-07-29T00:00:00Z,2040,2039,19395,464,21435,21434,19395,19395,464
EUR,2021-07-30T00:00:00Z,2046,2090,21238,442,23284,23328,21238,21238,442
EUR,2021-07-31T00:00:00Z,2104,2141,19468,405,21572,21609,19468,19468,405
EUR,2021-08-01T00:00:00Z,2875,2868,21381,1150,24256,24249,21381,21381,421
EUR,2021-08-02T00:00:00Z,1956,1919,20343,401,22299,22262,20343,20343,401
EUR,2021-08-03T00:00:00Z,1896,1905,18699,414,20595,20604,18699,18699,414
EUR,2021-08-04T00:00:00Z,1960,1979,19057,421,21017,21036,19057,19057,421
EUR,2021-08-05T00:00:00Z,2035,2018,19592,446,21627,21610,19592,19592,446
EUR,2021-08-06T00:00:00Z,2043,2037,21168,432,23211,23205,21168,21168,432
EUR,2021-08-07T00:00:00Z,2075,2110,19214,422,21289,21324,19214,19214,422
EUR,2021-08-08T00:00:00Z,2079,2069,20069,456,22148,22138,20069,20069,456
EUR,2021-08-09T00:00:00Z,1972,1900,19970,423,21942,21870,19970,19970,423
EUR,2021-08-10T00:00:00Z,1957,1973,18532,416,20489,20505,18532,18532,416
EUR,2021-08-11T00:00:00Z,1946,1994,19022,429,20968,21016,19022,19022,429
EUR,2021-08-12T00:00:00Z,2050,2024,19743,443,21793,21767,19743,19743,443
EUR,2021-08-13T00:00:00Z,2076,2065,21225,472,23301,23290,21225,21225,472
EUR,2021-08-14T00:00:00Z,2088,2175,19495,422,21583,21670,19495,19495,422
EUR,2021-08-15T00:00:00Z,2158,2134,20156,469,22314,22290,20156,20156,469
EUR,2021-08-16T00:00:00Z,1966,1941,20113,426,22079,22054,20113,20113,426
EUR,2021-08-17T00:00:00Z,1955,1958,18731,431,20686,20689,18731,18731,431
EUR,2021-08-18T00:00:00Z,1978,2054,19434,453,21412,21488,19434,19434,453
EUR,2021-08-19T00:00:00Z,2088,2066,19842,461,21930,21908,19842,19842,461
EUR,2021-08-20T00:00:00Z,2126,2124,21522,472,23648,23646,21522,21522,472
EUR,2021-08-21T00:00:00Z,2163,2214,19344,445,21507,21558,19344,19344,445
EUR,2021-08-22T00:00:00Z,2228,2184,20356,456,22584,22540,20356,20356,456
EUR,2021-08-23T00:00:00Z,2037,1994,20524,438,22561,22518,20524,20524,438
EUR,2021-08-24T00:00:00Z,1994,1983,19145,450,21139,21128,19145,19145,450
EUR,2021-08-25T00:00:00Z,2086,2138,19779,460,21865,21917,19779,19779,460
EUR,2021-08-26T00:00:00Z,2182,2146,20309,479,22491,22455,20309,20309,479
EUR,2021-08-27T00:00:00Z,2231,2215,21746,479,23977,23961,21746,21746,479
EUR,2021-08-28T00:00:00Z,2202,2250,19382,464,21584,21632,19382,19382,464
EUR,2021-08-29T00:00:00Z,2237,2166,20576,475,22813,22742,20576,20576,475
EUR,2021-08-30T00:00:00Z,2102,2042,21068,437,23170,23110,21068,21068,437
EUR,2021-08-31T00:00:00Z,2037,2026,19699,425,21736,21725,19699,19699,425
EUR,2021-09-01T00:00:00Z,2647,2773,21100,1066,23747,23873,21100,21100,427
EUR,2021-09-02T00:00:00Z,2107,2099,20433,469,22540,22532,20433,20433,469
EUR,2021-09-03T00:00:00Z,2121,2182,21800,482,23921,23982,21800,21800,482
EUR,2021-09-04T00:00:00Z,2183,2198,18830,427,21013,21028,18830,18830,427
EUR,2021-09-05T00:00:00Z,2186,2137,20262,466,22448,22399,20262,20262,466
EUR,2021-09-06T00:00:00Z,1980,1908,20472,419,22452,22380,20472,20472,419
EUR,2021-09-07T00:00:00Z,1886,1870,18570,404,20456,20440,18570,18570,404
EUR,2021-09-08T00:00:00Z,1939,1992,19613,418,21552,21605,19613,19613,418
EUR,2021-09-09T00:00:00Z,2105,2116,20300,442,22405,22416,20300,20300,442
EUR,2021-09-10T00:00:00Z,2150,2129,21732,440,23882,23861,21732,21732,440
EUR,2021-09-11T00:00:00Z,2129,2168,18394,406,20523,20562,18394,18394,406
EUR,2021-09-12T00:00:00Z,2147,2135,20165,461,22312,22300,20165,20165,461
EUR,2021-09-13T00:00:00Z,1956,1893,20378,424,22334,22271,20378,20378,424
EUR,2021-09-14T00:00:00Z,1909,1920,18438,411,20347,20358,18438,18438,411
EUR,2021-09-15T00:00:00Z,1937,1965,19222,385,21159,21187,19222,19222,385
EUR,2021-09-16T00:00:00Z,1938,1953,20049,409,21987,22002,20049,20049,409
EUR,2021-09-17T00:00:00Z,2134,2076,21840,447,23974,23916,21840,21840,447
EUR,2021-09-18T00:00:00Z,2092,2165,17944,415,20036,20109,17944,17944,415
EUR,2021-09-19T00:00:00Z,2156,2132,19700,453,21856,21832,19700,19700,453
EUR,2021-09-20T00:00:00Z,1997,1912,20138,402,22135,22050,20138,20138,402
EUR,2021-09-21T00:00:00Z,1871,1893,18377,397,20248,20270,18377,18377,397
EUR,2021-09-22T00:00:00Z,1930,1969,18871,404,20801,20840,18871,18871,404
EUR,2021-09-23T00:00:00Z,2073,2044,19984,442,22057,22028,19984,19984,442
EUR,2021-09-24T00:00:00Z,2080,2080,21079,453,23159,23159,21079,21079,453
EUR,2021-09-25T00:00:00Z,2082,2182,17522,414,19604,19704,17522,17522,414
EUR,2021-09-26T00:00:00Z,2155,2138,19365,467,21520,21503,19365,19365,467
EUR,2021-09-27T00:00:00Z,1971,1890,20033,408,22004,21923,20033,20033,408
EUR,2021-09-28T00:00:00Z,1893,1912,18009,380,19902,19921,18009,18009,380
EUR,2021-09-29T00:00:00Z,1924,1936,18739,448,20663,20675,18739,18739,448
EUR,2021-09-30T00:00:00Z,2053,2088,19749,498,21802,21837,19749,19749,498
EUR,2021-10-01T00:00:00Z,2589,2653,22239,1072,24828,24892,22239,22239,439
EUR,2021-10-02T00:00:00Z,2045,2123,17081,459,19126,19204,17081,17081,459
EUR,2021-10-03T00:00:00Z,2137,2097,18839,486,20976,20936,18839,18839,486
EUR,2021-10-04T00:00:00Z,1956,1899,19383,439,21339,21282,19383,19383,439
EUR,2021-10-05T00:00:00Z,1870,1839,17340,427,19210,19179,17340,17340,427
EUR,2021-10-06T00:00:00Z,1912,1975,18220,408,20132,20195,18220,18220,408
EUR,2021-10-07T00:00:00Z,2036,2065,19155,479,21191,21220,19155,19155,479
EUR,2021-10-08T00:00:00Z,2043,2056,20896,454,22939,22952,20896,20896,454
EUR,2021-10-09T00:00:00Z,2063,2131,16826,457,18889,18957,16826,16826,457
EUR,2021-10-10T00:00:00Z,2150,2128,18817,494,20967,20945,18817,18817,494
EUR,2021-10-11T00:00:00Z,1948,1871,19175,438,21123,21046,19175,19175,438
EUR,2021-10-12T00:00:00Z,1879,1868,17467,425,19346,19335,17467,17467,425
EUR,2021-10-13T00:00:00Z,1887,1946,18034,441,19921,19980,18034,18034,441
EUR,2021-10-14T00:00:00Z,2082,2070,19094,471,21176,21164,19094,19094,471
EUR,2021-10-15T00:00:00Z,2132,2135,20821,492,22953,22956,20821,20821,492
EUR,2021-10-16T00:00:00Z,2162,2202,16782,477,18944,18984,16782,16782,477
EUR,2021-10-17T00:00:00Z,2213,2186,18445,502,20658,20631,18445,18445,502
EUR,2021-10-18T00:00:00Z,1989,1906,19300,444,21289,21206,19300,19300,444
EUR,2021-10-19T00:00:00Z,1869,1876,17022,413,18891,18898,17022,17022,413
EUR,2021-10-20T00:00:00Z,1992,2006,17975,443,19967,19981,17975,17975,443
EUR,2021-10-21T00:00:00Z,2063,2139,18628,479,20691,20767,18628,18628,479
EUR,2021-10-22T00:00:00Z,2167,2192,20814,503,22981,23006,20814,20814,503
EUR,2021-10-23T00:00:00Z,2189,2290,17118,485,19307,19408,17118,17118,485
EUR,2021-10-24T00:00:00Z,2260,2168,18508,500,20768,20676,18508,18508,500
EUR,2021-10-25T00:00:00Z,2012,1958,19193,467,21205,21151,19193,19193,467
EUR,2021-10-26T00:00:00Z,1912,1886,17201,429,19113,19087,17201,17201,429
EUR,2021-10-27T00:00:00Z,1952,2019,17885,475,19837,19904,17885,17885,475
EUR,2021-10-28T00:00:00Z,2090,2109,18717,517,20807,20826,18717,18717,517
EUR,2021-10-29T00:00:00Z,2138,2115,20363,565,22501,22478,20363,20363,565
EUR,2021-10-30T00:00:00Z,2187,2224,16564,520,18751,18788,16564,16564,520
EUR,2021-10-31T00:00:00Z,2283,2169,17354,531,19637,19523,17354,17354,531
EUR,2021-11-01T00:00:00Z,2370,2381,18632,1117,21002,21013,18632,18632,511
EUR,2021-11-02T00:00:00Z,1860,1863,15945,460,17805,17808,15945,15945,460
EUR,2021-11-03T00:00:00Z,1942,2004,16608,469,18550,18612,16608,16608,469
EUR,2021-11-04T00:00:00Z,2008,2041,17273,511,19281,19314,17273,17273,511
EUR,2021-11-05T00:00:00Z,2083,2099,19038,510,21121,21137,19038,19038,510
EUR,2021-11-06T00:00:00Z,2127,2225,14260,526,16387,16485,14260,14260,526
EUR,2021-11-07T00:00:00Z,2313,2278,16736,611,19049,19014,16736,16736,611
EUR,2021-11-08T00:00:00Z,2010,1949,17453,485,19463,19402,17453,17453,485
EUR,2021-11-09T00:00:00Z,1860,1852,15581,470,17441,17433,15581,15581,470
EUR,2021-11-10T00:00:00Z,1919,1961,16409,528,18328,18370,16409,16409,528
EUR,2021-11-11T00:00:00Z,1994,2034,16446,528,18440,18480,16446,16446,528
EUR,2021-11-12T00:00:00Z,2030,2025,17987,532,20017,20012,17987,17987,532
EUR,2021-11-13T00:00:00Z,2060,2150,12824,517,14884,14974,12824,12824,517
EUR,2021-11-14T00:00:00Z,2214,2193,16022,531,18236,18215,16022,16022,531
EUR,2021-11-15T00:00:00Z,1961,1868,17375,500,19336,19243,17375,17375,500
EUR,2021-11-16T00:00:00Z,1795,1785,15464,471,17259,17249,15464,15464,471
EUR,2021-11-17T00:00:00Z,1844,1868,15902,505,17746,17770,15902,15902,505
EUR,2021-11-18T00:00:00Z,1955,1953,16873,533,18828,18826,16873,16873,533
EUR,2021-11-19T00:00:00Z,1988,2003,18354,510,20342,20357,18354,18354,510
EUR,2021-11-20T00:00:00Z,2026,2049,13002,537,15028,15051,13002,13002,537
EUR,2021-11-21T00:00:00Z,2149,2112,15485,536,17634,17597,15485,15485,536
EUR,2021-11-22T00:00:00Z,1862,1843,16998,479,18860,18841,16998,16998,479
EUR,2021-11-23T00:00:00Z,1745,1760,15027,507,16772,16787,15027,15027,507
EUR,2021-11-24T00:00:00Z,1842,1876,15630,494,17472,17506,15630,15630,494
EUR,2021-11-25T00:00:00Z,1906,1856,16422,535,18328,18278,16422,16422,535
EUR,2021-11-26T00:00:00Z,1959,1936,17595,525,19554,19531,17595,17595,525
EUR,2021-11-27T00:00:00Z,1953,2020,12248,547,14201,14268,12248,12248,547
EUR,2021-11-28T00:00:00Z,2097,2093,15091,546,17188,17184,15091,15091,546
EUR,2021-11-29T00:00:00Z,1895,1758,16547,500,18442,18305,16547,16547,500
EUR,2021-11-30T00:00:00Z,1730,1734,14612,468,16342,16346,14612,14612,468
EUR,2021-12-01T00:00:00Z,2165,2346,15973,1126,18138,18319,15973,15973,496
EUR,2021-12-02T00:00:00Z,1845,1852,15943,482,17788,17795,15943,15943,482
EUR,2021-12-03T00:00:00Z,1891,1873,17882,495,19773,19755,17882,17882,495
EUR,2021-12-04T00:00:00Z,1993,2010,12830,496,14823,14840,12830,12830,496
EUR,2021-12-05T00:00:00Z,1998,2045,14930,513,16928,16975,14930,14930,513
EUR,2021-12-06T00:00:00Z,1797,1716,16114,449,17911,17830,16114,16114,449
EUR,2021-12-07T00:00:00Z,1729,1720,14313,434,16042,16033,14313,14313,434
EUR,2021-12-08T00:00:00Z,1768,1806,15543,475,17311,17349,15543,15543,475
EUR,2021-12-09T00:00:00Z,1866,1875,16052,492,17918,17927,16052,16052,492
EUR,2021-12-10T00:00:00Z,1929,1926,17543,474,19472,19469,17543,17543,474
EUR,2021-12-11T00:00:00Z,1897,1934,12816,497,14713,14750,12816,12816,497
EUR,2021-12-12T00:00:00Z,2005,2024,15374,487,17379,17398,15374,15374,487
EUR,2021-12-13T00:00:00Z,1843,1754,16786,455,18629,18540,16786,16786,455
EUR,2021-12-14T00:00:00Z,1802,1764,14820,449,16622,16584,14820,14820,449
EUR,2021-12-15T00:00:00Z,1916,1957,16123,458,18039,18080,16123,16123,458
EUR,2021-12-16T00:00:00Z,1980,1994,17342,493,19322,19336,17342,17342,493
EUR,2021-12-17T00:00:00Z,2067,2070,19345,466,21412,21415,19345,19345,466
EUR,2021-12-18T00:00:00Z,2124,2132,15103,515,17227,17235,15103,15103,515
EUR,2021-12-19T00:00:00Z,2154,2162,16586,474,18740,18748,16586,16586,474
EUR,2021-12-20T00:00:00Z,1946,1915,18112,463,20058,20027,18112,18112,463
EUR,2021-12-21T00:00:00Z,1903,1881,16737,477,18640,18618,16737,16737,477
EUR,2021-12-22T00:00:00Z,1989,1985,17807,486,19796,19792,17807,17807,486
EUR,2021-12-23T00:00:00Z,1980,2003,18108,508,20088,20111,18108,18108,508
EUR,2021-12-24T00:00:00Z,1902,1879,12975,501,14877,14854,12975,12975,501
EUR,2021-12-25T00:00:00Z,1746,1747,7893,536,9639,9640,7893,7893,536
EUR,2021-12-26T00:00:00Z,1932,2067,15500,523,17432,17567,15500,15500,523
EUR,2021-12-27T00:00:00Z,1895,1836,16946,487,18841,18782,16946,16946,487
EUR,2021-12-28T00:00:00Z,1854,1885,15140,509,16994,17025,15140,15140,509
EUR,2021-12-29T00:00:00Z,1911,1936,15589,583,17500,17525,15589,15589,583
EUR,2021-12-30T00:00:00Z,1943,1993,16152,573,18095,18145,16152,16152,573
EUR,2021-12-31T00:00:00Z,1785,1716,12667,491,14452,14383,12667,12667,491
EUR,2022-01-01T00:00:00Z,2017,2188,11979,1057,13996,14167,11979,11979,477
EUR,2022-01-02T00:00:00Z,2156,2118,17241,571,19397,19359,17241,17241,571
EUR,2022-01-03T00:00:00Z,1914,1847,17255,519,19169,19102,17255,17255,519
EUR,2022-01-04T00:00:00Z,1837,1790,15166,477,17003,16956,15166,15166,477
EUR,2022-01-05T00:00:00Z,1832,1861,14908,524,16740,16769,14908,14908,524
EUR,2022-01-06T00:00:00Z,1892,1907,14813,523,16705,16720,14813,14813,523
EUR,2022-01-07T00:00:00Z,1952,1945,16470,543,18422,18415,16470,16470,543
EUR,2022-01-08T00:00:00Z,2069,2062,13611,562,15680,15673,13611,13611,562
EUR,2022-01-09T00:00:00Z,2144,2109,15711,576,17855,17820,15711,15711,576
EUR,2022-01-10T00:00:00Z,1800,1737,14245,498,16045,15982,14245,14245,498
EUR,2022-01-11T00:00:00Z,1708,1675,12228,483,13936,13903,12228,12228,483
EUR,2022-01-12T00:00:00Z,1738,1761,12166,506,13904,13927,12166,12166,506
EUR,2022-01-13T00:00:00Z,1726,1733,12757,481,14483,14490,12757,12757,481
EUR,2022-01-14T00:00:00Z,1825,1831,14699,453,16524,16530,14699,14699,453
EUR,2022-01-15T00:00:00Z,1836,1830,10925,484,12761,12755,10925,10925,484
EUR,2022-01-16T00:00:00Z,1897,1863,12839,478,14736,14702,12839,12839,478
EUR,2022-01-17T00:00:00Z,1673,1575,13328,440,15001,14903,13328,13328,440
EUR,2022-01-18T00:00:00Z,1600,1542,11531,435,13131,13073,11531,11531,435
EUR,2022-01-19T00:00:00Z,1621,1666,12117,418,13738,13783,12117,12117,418
EUR,2022-01-20T00:00:00Z,1680,1686,12897,429,14577,14583,12897,12897,429
EUR,2022-01-21T00:00:00Z,1768,1774,14841,400,16609,16615,14841,14841,400
EUR,2022-01-22T00:00:00Z,1796,1844,10675,469,12471,12519,10675,10675,469
EUR,2022-01-23T00:00:00Z,1860,1791,12672,428,14532,14463,12672,12672,428
EUR,2022-01-24T00:00:00Z,1587,1431,12667,382,14254,14098,12667,12667,382
EUR,2022-01-25T00:00:00Z,1403,1361,10528,391,11931,11889,10528,10528,391
EUR,2022-01-26T00:00:00Z,1501,1615,11771,389,13272,13386,11771,11771,389
EUR,2022-01-27T00:00:00Z,1648,1709,12681,410,14329,14390,12681,12681,410
EUR,2022-01-28T00:00:00Z,1755,1792,14773,409,16528,16565,14773,14773,409
EUR,2022-01-29T00:00:00Z,1758,1723,10667,412,12425,12390,10667,10667,412
EUR,2022-01-30T00:00:00Z,1781,1842,12981,396,14762,14823,12981,12981,396
EUR,2022-01-31T00:00:00Z,1651,1538,12915,429,14566,14453,12915,12915,429
EUR,2022-02-01T00:00:00Z,1810,1893,13194,985,15004,15087,13194,13194,402
EUR,2022-02-02T00:00:00Z,1605,1601,12928,399,14533,14529,12928,12928,399
EUR,2022-02-03T00:00:00Z,1660,1684,14028,409,15688,15712,14028,14028,409
EUR,2022-02-04T00:00:00Z,1670,1688,15692,402,17362,17380,15692,15692,402
EUR,2022-02-05T00:00:00Z,1731,1788,12256,428,13987,14044,12256,12256,428
EUR,2022-02-06T00:00:00Z,1839,1774,13899,436,15738,15673,13899,13899,436
EUR,2022-02-07T00:00:00Z,1681,1597,14590,398,16271,16187,14590,14590,398
EUR,2022-02-08T00:00:00Z,1569,1566,12750,413,14319,14316,12750,12750,413
EUR,2022-02-09T00:00:00Z,1649,1660,13610,411,15259,15270,13610,13610,411
EUR,2022-02-10T00:00:00Z,1804,1797,14921,420,16725,16718,14921,14921,420
EUR,2022-02-11T00:00:00Z,1828,1883,17110,428,18938,18993,17110,17110,428
EUR,2022-02-12T00:00:00Z,1927,1957,13774,457,15701,15731,13774,13774,457
EUR,2022-02-13T00:00:00Z,1993,1951,14876,437,16869,16827,14876,14876,437
EUR,2022-02-14T00:00:00Z,1749,1673,15214,384,16963,16887,15214,15214,384
EUR,2022-02-15T00:00:00Z,1700,1672,13471,406,15171,15143,13471,13471,406
EUR,2022-02-16T00:00:00Z,1752,1746,13823,431,15575,15569,13823,13823,431
EUR,2022-02-17T00:00:00Z,1832,1821,14591,411,16423,16412,14591,14591,411
EUR,2022-02-18T00:00:00Z,1913,1959,15747,447,17660,17706,15747,15747,447
EUR,2022-02-19T00:00:00Z,2076,2104,13975,481,16051,16079,13975,13975,481
EUR,2022-02-20T00:00:00Z,2093,2075,15086,474,17179,17161,15086,15086,474
EUR,2022-02-21T00:00:00Z,1841,1754,15002,405,16843,16756,15002,15002,405
EUR,2022-02-22T00:00:00Z,1750,1700,13955,429,15705,15655,13955,13955,429
EUR,2022-02-23T00:00:00Z,1768,1791,14687,458,16455,16478,14687,14687,458
EUR,2022-02-24T00:00:00Z,1822,1872,15546,416,17368,17418,15546,15546,416
EUR,2022-02-25T00:00:00Z,1957,1957,17287,437,19244,19244,17287,17287,437
EUR,2022-02-26T00:00:00Z,2001,1995,13999,471,16000,15994,13999,13999,471
EUR,2022-02-27T00:00:00Z,1972,1933,15708,438,17680,17641,15708,15708,438
EUR,2022-02-28T00:00:00Z,1806,1728,16444,396,18250,18172,16444,16444,396
EUR,2022-03-01T00:00:00Z,2096,2179,16169,1098,18265,18348,16169,16169,450
EUR,2022-03-02T00:00:00Z,1744,1794,15572,448,17316,17366,15572,15572,448
EUR,2022-03-03T00:00:00Z,1840,1855,16509,456,18349,18364,16509,16509,456
EUR,2022-03-04T00:00:00Z,1964,1988,18352,450,20316,20340,18352,18352,450
EUR,2022-03-05T00:00:00Z,2006,2025,14315,468,16321,16340,14315,14315,468
EUR,2022-03-06T00:00:00Z,2047,1995,16092,468,18139,18087,16092,16092,468
EUR,2022-03-07T00:00:00Z,1893,1804,16761,434,18654,18565,16761,16761,434
EUR,2022-03-08T00:00:00Z,1737,1719,15005,378,16742,16724,15005,15005,378
EUR,2022-03-09T00:00:00Z,1764,1777,15649,366,17413,17426,15649,15649,366
EUR,2022-03-10T00:00:00Z,1825,1839,16688,359,18513,18527,16688,16688,359
EUR,2022-03-11T00:00:00Z,1889,1908,17676,365,19565,19584,17676,17676,365
EUR,2022-03-12T00:00:00Z,1880,1841,13520,360,15400,15361,13520,13520,360
EUR,2022-03-13T00:00:00Z,1935,1950,15864,351,17799,17814,15864,15864,351
EUR,2022-03-14T00:00:00Z,1855,1794,16875,353,18730,18669,16875,16875,353
EUR,2022-03-15T00:00:00Z,1717,1706,15324,343,17041,17030,15324,15324,343
EUR,2022-03-16T00:00:00Z,1788,1798,16044,368,17832,17842,16044,16044,368
EUR,2022-03-17T00:00:00Z,1845,1875,16892,364,18737,18767,16892,16892,364
EUR,2022-03-18T00:00:00Z,1940,1953,18468,359,20408,20421,18468,18468,359
EUR,2022-03-19T00:00:00Z,1962,1998,13993,336,15955,15991,13993,13993,336
EUR,2022-03-20T00:00:00Z,2077,2079,16351,350,18428,18430,16351,16351,350
EUR,2022-03-21T00:00:00Z,1881,1767,17220,331,19101,18987,17220,17220,331
EUR,2022-03-22T00:00:00Z,1742,1718,15279,323,17021,16997,15279,15279,323
EUR,2022-03-23T00:00:00Z,1810,1842,16270,346,18080,18112,16270,16270,346
EUR,2022-03-24T00:00:00Z,1881,1893,17289,347,19170,19182,17289,17289,347
EUR,2022-03-25T00:00:00Z,1969,2007,18677,346,20646,20684,18677,18677,346
EUR,2022-03-26T00:00:00Z,1989,2066,14414,332,16403,16480,14414,14414,332
EUR,2022-03-27T00:00:00Z,2131,2129,18112,368,20243,20241,18112,18112,368
EUR,2022-03-28T00:00:00Z,1981,1882,19788,344,21769,21670,19788,19788,344
EUR,2022-03-29T00:00:00Z,1926,1893,18487,344,20413,20380,18487,18487,344
EUR,2022-03-30T00:00:00Z,1908,1911,18861,366,20769,20772,18861,18861,366
EUR,2022-03-31T00:00:00Z,1995,2030,19440,378,21435,21470,19440,19440,378
EUR,2022-04-01T00:00:00Z,2586,2624,21598,991,24184,24222,21598,21598,333
EUR,2022-04-02T00:00:00Z,2072,2139,16460,340,18532,18599,16460,16460,340
EUR,2022-04-03T00:00:00Z,2136,2083,18515,348,20651,20598,18515,18515,348
EUR,2022-04-04T00:00:00Z,1944,1866,19912,333,21856,21778,19912,19912,333
EUR,2022-04-05T00:00:00Z,1869,1842,18706,342,20575,20548,18706,18706,342
EUR,2022-04-06T00:00:00Z,1885,1887,19803,346,21688,21690,19803,19803,346
EUR,2022-04-07T00:00:00Z,1970,2028,20279,363,22249,22307,20279,20279,363
EUR,2022-04-08T00:00:00Z,2096,2121,21790,354,23886,23911,21790,21790,354
EUR,2022-04-09T00:00:00Z,2109,2159,17891,324,20000,20050,17891,17891,324
EUR,2022-04-10T00:00:00Z,2197,2168,19354,355,21551,21522,19354,19354,355
EUR,2022-04-11T00:00:00Z,2012,1950,20583,345,22595,22533,20583,20583,345
EUR,2022-04-12T00:00:00Z,1969,1929,19633,335,21602,21562,19633,19633,335
EUR,2022-04-13T00:00:00Z,1983,2012,20755,370,22738,22767,20755,20755,370
EUR,2022-04-14T00:00:00Z,2134,2168,21288,391,23422,23456,21288,21288,391
EUR,2022-04-15T00:00:00Z,2113,2145,20307,377,22420,22452,20307,20307,377
EUR,2022-04-16T00:00:00Z,2203,2225,17638,344,19841,19863,17638,17638,344
EUR,2022-04-17T00:00:00Z,2236,2191,18539,365,20775,20730,18539,18539,365
EUR,2022-04-18T00:00:00Z,2094,1970,20471,361,22565,22441,20471,20471,361
EUR,2022-04-19T00:00:00Z,2043,1974,20519,353,22562,22493,20519,20519,353
EUR,2022-04-20T00:00:00Z,1993,2064,20665,374,22658,22729,20665,20665,374
EUR,2022-04-21T00:00:00Z,2113,2104,21297,341,23410,23401,21297,21297,341
EUR,2022-04-22T00:00:00Z,2152,2183,22234,374,24386,24417,22234,22234,374
EUR,2022-04-23T00:00:00Z,2267,2267,17910,347,20177,20177,17910,17910,347
EUR,2022-04-24T00:00:00Z,2321,2254,19778,378,22099,22032,19778,19778,378
EUR,2022-04-25T00:00:00Z,2106,2030,21522,368,23628,23552,21522,21522,368
EUR,2022-04-26T00:00:00Z,2027,1978,20629,330,22656,22607,20629,20629,330
EUR,2022-04-27T00:00:00Z,1990,2031,21169,369,23159,23200,21169,21169,369
EUR,2022-04-28T00:00:00Z,2151,2203,22338,400,24489,24541,22338,22338,400
EUR,2022-04-29T00:00:00Z,2223,2258,23513,393,25736,25771,23513,23513,393
EUR,2022-04-30T00:00:00Z,2337,2303,18975,404,21312,21278,18975,18975,404
EUR,2022-05-01T00:00:00Z,3048,3108,22063,1063,25111,25171,22063,22063,411
EUR,2022-05-02T00:00:00Z,2221,2108,22242,406,24463,24350,22242,22242,406
EUR,2022-05-03T00:00:00Z,2164,2134,21261,427,23425,23395,21261,21261,427
EUR,2022-05-04T00:00:00Z,2115,2140,21982,411,24097,24122,21982,21982,411
EUR,2022-05-05T00:00:00Z,2205,2271,22871,407,25076,25142,22871,22871,407
EUR,2022-05-06T00:00:00Z,2274,2319,23755,438,26029,26074,23755,23755,438
EUR,2022-05-07T00:00:00Z,2357,2392,19412,404,21769,21804,19412,19412,404
EUR,2022-05-08T00:00:00Z,2390,2355,21402,438,23792,23757,21402,21402,438
EUR,2022-05-09T00:00:00Z,2268,2183,22614,436,24882,24797,22614,22614,436
EUR,2022-05-10T00:00:00Z,2201,2164,21696,426,23897,23860,21696,21696,426
EUR,2022-05-11T00:00:00Z,2171,2157,22184,442,24355,24341,22184,22184,442
EUR,2022-05-12T00:00:00Z,2251,2246,23353,399,25604,25599,23353,23353,399
EUR,2022-05-13T00:00:00Z,2243,2239,24054,398,26297,26293,24054,24054,398
EUR,2022-05-14T00:00:00Z,2276,2325,19626,371,21902,21951,19626,19626,371
EUR,2022-05-15T00:00:00Z,2413,2341,21499,405,23912,23840,21499,21499,405
EUR,2022-05-16T00:00:00Z,2197,2149,22896,415,25093,25045,22896,22896,415
EUR,2022-05-17T00:00:00Z,2152,2128,21349,381,23501,23477,21349,21349,381
EUR,2022-05-18T00:00:00Z,2172,2205,22753,409,24925,24958,22753,22753,409
EUR,2022-05-19T00:00:00Z,2266,2267,23782,395,26048,26049,23782,23782,395
EUR,2022-05-20T00:00:00Z,2254,2290,23883,416,26137,26173,23883,23883,416
EUR,2022-05-21T00:00:00Z,2364,2328,20099,361,22463,22427,20099,20099,361
EUR,2022-05-22T00:00:00Z,2453,2367,22094,391,24547,24461,22094,22094,391
EUR,2022-05-23T00:00:00Z,2210,2152,23263,385,25473,25415,23263,23263,385
EUR,2022-05-24T00:00:00Z,2227,2189,22652,376,24879,24841,22652,22652,376
EUR,2022-05-25T00:00:00Z,2244,2282,24179,423,26423,26461,24179,24179,423
EUR,2022-05-26T00:00:00Z,2307,2376,23096,408,25403,25472,23096,23096,408
EUR,2022-05-27T00:00:00Z,2368,2302,23561,396,25929,25863,23561,23561,396
EUR,2022-05-28T00:00:00Z,2332,2335,20894,388,23226,23229,20894,20894,388
EUR,2022-05-29T00:00:00Z,2431,2431,23456,413,25887,25887,23456,23456,413
EUR,2022-05-30T00:00:00Z,2254,2264,24773,428,27027,27037,24773,24773,428
EUR,2022-05-31T00:00:00Z,2276,2275,23201,404,25477,25476,23201,23201,404
EUR,2022-06-01T00:00:00Z,3379,3455,25261,1183,28640,28716,25261,25261,396
EUR,2022-06-02T00:00:00Z,2452,2407,24474,415,26926,26881,24474,24474,415
EUR,2022-06-03T00:00:00Z,2432,2424,25237,420,27669,27661,25237,25237,420
EUR,2022-06-04T00:00:00Z,2430,2441,21314,396,23744,23755,21314,21314,396
EUR,2022-06-05T00:00:00Z,2469,2459,22255,395,24724,24714,22255,22255,395
EUR,2022-06-06T00:00:00Z,2427,2383,24206,408,26633,26589,24206,24206,408
EUR,2022-06-07T00:00:00Z,2401,2370,23962,395,26363,26332,23962,23962,395
EUR,2022-06-08T00:00:00Z,2407,2392,23947,434,26354,26339,23947,23947,434
EUR,2022-06-09T00:00:00Z,2499,2485,25032,424,27531,27517,25032,25032,424
EUR,2022-06-10T00:00:00Z,2488,2487,25928,419,28416,28415,25928,25928,419
EUR,2022-06-11T00:00:00Z,2513,2541,21708,403,24221,24249,21708,21708,403
EUR,2022-06-12T00:00:00Z,2552,2566,23278,406,25830,25844,23278,23278,406
EUR,2022-06-13T00:00:00Z,2471,2407,25032,430,27503,27439,25032,25032,430
EUR,2022-06-14T00:00:00Z,2479,2437,24242,420,26721,26679,24242,24242,420
EUR,2022-06-15T00:00:00Z,2488,2465,24846,459,27334,27311,24846,24846,459
EUR,2022-06-16T00:00:00Z,2494,2520,25043,428,27537,27563,25043,25043,428
EUR,2022-06-17T00:00:00Z,2564,2605,25680,453,28244,28285,25680,25680,453
EUR,2022-06-18T00:00:00Z,2531,2541,21979,428,24510,24520,21979,21979,428
EUR,2022-06-19T00:00:00Z,2602,2604,23779,455,26381,26383,23779,23779,455
EUR,2022-06-20T00:00:00Z,2566,2482,24978,451,27544,27460,24978,24978,451
EUR,2022-06-21T00:00:00Z,2575,2569,24644,457,27219,27213,24644,24644,457
EUR,2022-06-22T00:00:00Z,2552,2569,24835,471,27387,27404,24835,24835,471
EUR,2022-06-23T00:00:00Z,2663,2679,25307,476,27970,27986,25307,25307,476
EUR,2022-06-24T00:00:00Z,2652,2596,24981,486,27633,27577,24981,24981,486
EUR,2022-06-25T00:00:00Z,2580,2593,21479,459,24059,24072,21479,21479,459
EUR,2022-06-26T00:00:00Z,2733,2732,23070,474,25803,25802,23070,23070,474
EUR,2022-06-27T00:00:00Z,2642,2577,24869,484,27511,27446,24869,24869,484
EUR,2022-06-28T00:00:00Z,2619,2598,24420,463,27039,27018,24420,24420,463
EUR,2022-06-29T00:00:00Z,2614,2644,24853,491,27467,27497,24853,24853,491
EUR,2022-06-30T00:00:00Z,2784,2759,25085,494,27869,27844,25085,25085,494
EUR,2022-07-01T00:00:00Z,3938,3989,27413,1283,31351,31402,27413,27413,471
EUR,2022-07-02T00:00:00Z,2707,2777,22546,476,25253,25323,22546,22546,476
EUR,2022-07-03T00:00:00Z,2800,2805,23993,496,26793,26798,23993,23993,496
EUR,2022-07-04T00:00:00Z,2729,2707,25138,471,27867,27845,25138,25138,471
EUR,2022-07-05T00:00:00Z,2737,2722,24295,470,27032,27017,24295,24295,470
EUR,2022-07-06T00:00:00Z,2751,2767,25113,491,27864,27880,25113,25113,491
EUR,2022-07-07T00:00:00Z,2907,2887,25318,468,28225,28205,25318,25318,468
EUR,2022-07-08T00:00:00Z,2828,2790,26168,473,28996,28958,26168,26168,473
EUR,2022-07-09T00:00:00Z,2771,2740,23011,435,25782,25751,23011,23011,435
EUR,2022-07-10T00:00:00Z,2793,2840,23797,462,26590,26637,23797,23797,462
EUR,2022-07-11T00:00:00Z,2781,2709,24936,445,27717,27645,24936,24936,445
EUR,2022-07-12T00:00:00Z,2736,2747,24354,461,27090,27101,24354,24354,461
EUR,2022-07-13T00:00:00Z,2736,2765,24632,484,27368,27397,24632,24632,484
EUR,2022-07-14T00:00:00Z,2830,2812,24399,453,27229,27211,24399,24399,453
EUR,2022-07-15T00:00:00Z,2834,2805,25511,488,28345,28316,25511,25511,488
EUR,2022-07-16T00:00:00Z,2797,2822,22821,467,25618,25643,22821,22821,467
EUR,2022-07-17T00:00:00Z,2830,2849,23164,473,25994,26013,23164,23164,473
EUR,2022-07-18T00:00:00Z,2762,2721,25230,484,27992,27951,25230,25230,484
EUR,2022-07-19T00:00:00Z,2734,2741,24283,483,27017,27024,24283,24283,483
EUR,2022-07-20T00:00:00Z,2748,2778,24555,512,27303,27333,24555,24555,512
EUR,2022-07-21T00:00:00Z,2851,2888,25072,481,27923,27960,25072,25072,481
EUR,2022-07-22T00:00:00Z,2816,2792,25840,503,28656,28632,25840,25840,503
EUR,2022-07-23T00:00:00Z,2773,2772,23057,479,25830,25829,23057,23057,479
EUR,2022-07-24T00:00:00Z,2824,2860,23693,493,26517,26553,23693,23693,493
EUR,2022-07-25T00:00:00Z,2804,2740,25004,482,27808,27744,25004,25004,482
EUR,2022-07-26T00:00:00Z,2775,2789,24276,482,27051,27065,24276,24276,482
EUR,2022-07-27T00:00:00Z,2686,2691,23861,513,26547,26552,23861,23861,513
EUR,2022-07-28T00:00:00Z,2863,2861,25092,467,27955,27953,25092,25092,467
EUR,2022-07-29T00:00:00Z,2808,2791,25720,491,28528,28511,25720,25720,491
EUR,2022-07-30T00:00:00Z,2755,2790,23350,460,26105,26140,23350,23350,460
EUR,2022-07-31T00:00:00Z,2834,2902,24118,484,26952,27020,24118,24118,484
EUR,2022-08-01T00:00:00Z,3946,3943,26482,1260,30428,30425,26482,26482,474
EUR,2022-08-02T00:00:00Z,2787,2762,24091,489,26878,26853,24091,24091,489
EUR,2022-08-03T00:00:00Z,2740,2818,24325,498,27065,27143,24325,24325,498
EUR,2022-08-04T00:00:00Z,2866,2882,24421,474,27287,27303,24421,24421,474
EUR,2022-08-05T00:00:00Z,2813,2788,25242,470,28055,28030,25242,25242,470
EUR,2022-08-06T00:00:00Z,2757,2804,22948,453,25705,25752,22948,22948,453
EUR,2022-08-07T00:00:00Z,2860,2859,23644,483,26504,26503,23644,23644,483
EUR,2022-08-08T00:00:00Z,2762,2737,24660,462,27422,27397,24660,24660,462
EUR,2022-08-09T00:00:00Z,2759,2756,23789,497,26548,26545,23789,23789,497
EUR,2022-08-10T00:00:00Z,2769,2803,24403,499,27172,27206,24403,24403,499
EUR,2022-08-11T00:00:00Z,2863,2818,24400,484,27263,27218,24400,24400,484
EUR,2022-08-12T00:00:00Z,2794,2809,25425,491,28219,28234,25425,25425,491
EUR,2022-08-13T00:00:00Z,2771,2794,22868,454,25639,25662,22868,22868,454
EUR,2022-08-14T00:00:00Z,2855,2852,23491,481,26346,26343,23491,23491,481
EUR,2022-08-15T00:00:00Z,2768,2763,24079,478,26847,26842,24079,24079,478
EUR,2022-08-16T00:00:00Z,2756,2751,23827,482,26583,26578,23827,23827,482
EUR,2022-08-17T00:00:00Z,2750,2794,24012,511,26762,26806,24012,24012,511
EUR,2022-08-18T00:00:00Z,2900,2884,24474,497,27374,27358,24474,24474,497
EUR,2022-08-19T00:00:00Z,2861,2847,25365,488,28226,28212,25365,25365,488
EUR,2022-08-20T00:00:00Z,2805,2825,22896,471,25701,25721,22896,22896,471
EUR,2022-08-21T00:00:00Z,2900,2885,23770,503,26670,26655,23770,23770,503
EUR,2022-08-22T00:00:00Z,2807,2752,24995,487,27802,27747,24995,24995,487
EUR,2022-08-23T00:00:00Z,2801,2763,24209,493,27010,26972,24209,24209,493
EUR,2022-08-24T00:00:00Z,2803,2771,24999,498,27802,27770,24999,24999,498
EUR,2022-08-25T00:00:00Z,2890,2912,25183,499,28073,28095,25183,25183,499
EUR,2022-08-26T00:00:00Z,2894,2882,25756,511,28650,28638,25756,25756,511
EUR,2022-08-27T00:00:00Z,2822,2874,22710,486,25532,25584,22710,22710,486
EUR,2022-08-28T00:00:00Z,2918,2903,23919,504,26837,26822,23919,23919,504
EUR,2022-08-29T00:00:00Z,2780,2744,25266,486,28046,28010,25266,25266,486
EUR,2022-08-30T00:00:00Z,2795,2797,24608,490,27403,27405,24608,24608,490
EUR,2022-08-31T00:00:00Z,2803,2794,25230,522,28033,28024,25230,25230,522
EUR,2022-09-01T00:00:00Z,3780,3875,26342,1220,30122,30217,26342,26342,508
EUR,2022-09-02T00:00:00Z,2759,2692,25079,493,27838,27771,25079,25079,493
EUR,2022-09-03T00:00:00Z,2728,2763,22301,477,25029,25064,22301,22301,477
EUR,2022-09-04T00:00:00Z,2821,2808,23875,508,26696,26683,23875,23875,508
EUR,2022-09-05T00:00:00Z,2725,2687,25136,481,27861,27823,25136,25136,481
EUR,2022-09-06T00:00:00Z,2686,2675,24084,493,26770,26759,24084,24084,493
EUR,2022-09-07T00:00:00Z,2692,2736,24861,490,27553,27597,24861,24861,490
EUR,2022-09-08T00:00:00Z,2799,2763,24926,485,27725,27689,24926,24926,485
EUR,2022-09-09T00:00:00Z,2741,2724,25629,483,28370,28353,25629,25629,483
EUR,2022-09-10T00:00:00Z,2704,2762,22055,476,24759,24817,22055,22055,476
EUR,2022-09-11T00:00:00Z,2777,2744,23787,477,26564,26531,23787,23787,477
EUR,2022-09-12T00:00:00Z,2642,2603,24833,476,27475,27436,24833,24833,476
EUR,2022-09-13T00:00:00Z,2627,2600,24036,492,26663,26636,24036,24036,492
EUR,2022-09-14T00:00:00Z,2605,2643,24554,498,27159,27197,24554,24554,498
EUR,2022-09-15T00:00:00Z,2774,2750,25251,485,28025,28001,25251,25251,485
EUR,2022-09-16T00:00:00Z,2596,2545,23174,486,25770,25719,23174,23174,486
EUR,2022-09-17T00:00:00Z,2676,2733,21721,454,24397,24454,21721,21721,454
EUR,2022-09-18T00:00:00Z,2756,2739,23269,484,26025,26008,23269,23269,484
EUR,2022-09-19T00:00:00Z,2583,2577,24205,463,26788,26782,24205,24205,463
EUR,2022-09-20T00:00:00Z,2548,2594,23739,489,26287,26333,23739,23739,489
EUR,2022-09-21T00:00:00Z,2580,2598,24228,478,26808,26826,24228,24228,478
EUR,2022-09-22T00:00:00Z,2742,2731,24915,479,27657,27646,24915,24915,479
EUR,2022-09-23T00:00:00Z,2721,2653,25487,482,28208,28140,25487,25487,482
EUR,2022-09-24T00:00:00Z,2616,2666,20825,452,23441,23491,20825,20825,452
EUR,2022-09-25T00:00:00Z,2704,2687,22556,471,25260,25243,22556,22556,471
EUR,2022-09-26T00:00:00Z,2527,2492,24097,442,26624,26589,24097,24097,442
EUR,2022-09-27T00:00:00Z,2568,2588,23380,464,25948,25968,23380,23380,464
EUR,2022-09-28T00:00:00Z,2687,2663,23930,469,26617,26593,23930,23930,469
EUR,2022-09-29T00:00:00Z,2735,2721,23696,488,26431,26417,23696,23696,488
EUR,2022-09-30T00:00:00Z,2673,2664,25126,474,27799,27790,25126,25126,474
EUR,2022-10-01T00:00:00Z,3390,3550,21833,1146,25223,25383,21833,21833,422
EUR,2022-10-02T00:00:00Z,2689,2700,22345,495,25034,25045,22345,22345,495
EUR,2022-10-03T00:00:00Z,2546,2496,23624,458,26170,26120,23624,23624,458
EUR,2022-10-04T00:00:00Z,2387,2365,22600,422,24987,24965,22600,22600,422
EUR,2022-10-05T00:00:00Z,2327,2385,22969,429,25296,25354,22969,22969,429
EUR,2022-10-06T00:00:00Z,2613,2620,23348,480,25961,25968,23348,23348,480
EUR,2022-10-07T00:00:00Z,2559,2585,24194,486,26753,26779,24194,24194,486
EUR,2022-10-08T00:00:00Z,2591,2638,20088,436,22679,22726,20088,20088,436
EUR,2022-10-09T00:00:00Z,2649,2616,21887,467,24536,24503,21887,21887,467
EUR,2022-10-10T00:00:00Z,2477,2423,23205,428,25682,25628,23205,23205,428
EUR,2022-10-11T00:00:00Z,2451,2458,22289,462,24740,24747,22289,22289,462
EUR,2022-10-12T00:00:00Z,2522,2536,22803,468,25325,25339,22803,22803,468
EUR,2022-10-13T00:00:00Z,2596,2601,23223,466,25819,25824,23223,23223,466
EUR,2022-10-14T00:00:00Z,2578,2615,24061,469,26639,26676,24061,24061,469
EUR,2022-10-15T00:00:00Z,2621,2684,19981,446,22602,22665,19981,19981,446
EUR,2022-10-16T00:00:00Z,2670,2627,21830,471,24500,24457,21830,21830,471
EUR,2022-10-17T00:00:00Z,2507,2472,22783,436,25290,25255,22783,22783,436
EUR,2022-10-18T00:00:00Z,2455,2455,21690,475,24145,24145,21690,21690,475
EUR,2022-10-19T00:00:00Z,2505,2519,22063,482,24568,24582,22063,22063,482
EUR,2022-10-20T00:00:00Z,2602,2624,22892,490,25494,25516,22892,22892,490
EUR,2022-10-21T00:00:00Z,2549,2565,21923,468,24472,24488,21923,21923,468
EUR,2022-10-22T00:00:00Z,2608,2690,19784,434,22392,22474,19784,19784,434
EUR,2022-10-23T00:00:00Z,2648,2633,20939,477,23587,23572,20939,20939,477
EUR,2022-10-24T00:00:00Z,2496,2464,22383,455,24879,24847,22383,22383,455
EUR,2022-10-25T00:00:00Z,2455,2459,21793,465,24248,24252,21793,21793,465
EUR,2022-10-26T00:00:00Z,2509,2493,22351,484,24860,24844,22351,22351,484
EUR,2022-10-27T00:00:00Z,2588,2579,22810,474,25398,25389,22810,22810,474
EUR,2022-10-28T00:00:00Z,2528,2582,23383,488,25911,25965,23383,23383,488
EUR,2022-10-29T00:00:00Z,2648,2678,19538,454,22186,22216,19538,19538,454
EUR,2022-10-30T00:00:00Z,2543,2524,19715,476,22258,22239,19715,19715,476
EUR,2022-10-31T00:00:00Z,2414,2385,19912,449,22326,22297,19912,19912,449
EUR,2022-11-01T00:00:00Z,2925,2983,18876,1064,21801,21859,18876,18876,464
EUR,2022-11-02T00:00:00Z,2322,2335,18749,504,21071,21084,18749,18749,504
EUR,2022-11-03T00:00:00Z,2384,2417,19374,469,21758,21791,19374,19374,469
EUR,2022-11-04T00:00:00Z,2427,2457,20642,464,23069,23099,20642,20642,464
EUR,2022-11-05T00:00:00Z,2525,2564,15997,457,18522,18561,15997,15997,457
EUR,2022-11-06T00:00:00Z,2553,2535,18517,480,21070,21052,18517,18517,480
EUR,2022-11-07T00:00:00Z,2422,2365,19643,471,22065,22008,19643,19643,471
EUR,2022-11-08T00:00:00Z,2283,2246,17725,489,20008,19971,17725,17725,489
EUR,2022-11-09T00:00:00Z,2238,2234,17757,488,19995,19991,17757,17757,488
EUR,2022-11-10T00:00:00Z,2379,2398,19089,468,21468,21487,19089,19089,468
EUR,2022-11-11T00:00:00Z,2430,2416,19795,456,22225,22211,19795,19795,456
EUR,2022-11-12T00:00:00Z,2443,2481,14834,454,17277,17315,14834,14834,454
EUR,2022-11-13T00:00:00Z,2454,2472,17694,480,20148,20166,17694,17694,480
EUR,2022-11-14T00:00:00Z,2339,2282,19058,460,21397,21340,19058,19058,460
EUR,2022-11-15T00:00:00Z,2210,2205,17318,474,19528,19523,17318,17318,474
EUR,2022-11-16T00:00:00Z,2224,2239,17712,482,19936,19951,17712,17712,482
EUR,2022-11-17T00:00:00Z,2353,2383,18461,468,20814,20844,18461,18461,468
EUR,2022-11-18T00:00:00Z,2375,2462,19606,491,21981,22068,19606,19606,491
EUR,2022-11-19T00:00:00Z,2440,2505,14420,453,16860,16925,14420,14420,453
EUR,2022-11-20T00:00:00Z,2492,2411,17053,494,19545,19464,17053,17053,494
EUR,2022-11-21T00:00:00Z,2306,2203,18416,458,20722,20619,18416,18416,458
EUR,2022-11-22T00:00:00Z,2155,2180,16693,466,18848,18873,16693,16693,466
EUR,2022-11-23T00:00:00Z,2170,2179,17195,504,19365,19374,17195,17195,504
EUR,2022-11-24T00:00:00Z,2270,2247,18315,442,20585,20562,18315,18315,442
EUR,2022-11-25T00:00:00Z,2249,2285,19850,477,22099,22135,19850,19850,477
EUR,2022-11-26T00:00:00Z,2365,2430,14242,463,16607,16672,14242,14242,463
EUR,2022-11-27T00:00:00Z,2417,2385,17046,478,19463,19431,17046,17046,478
EUR,2022-11-28T00:00:00Z,2345,2241,18557,465,20902,20798,18557,18557,465
EUR,2022-11-29T00:00:00Z,2182,2197,16694,467,18876,18891,16694,16694,467
EUR,2022-11-30T00:00:00Z,2196,2198,17424,483,19620,19622,17424,17424,483
EUR,2022-12-01T00:00:00Z,2877,2983,19273,1071,22150,22256,19273,19273,496
EUR,2022-12-02T00:00:00Z,2376,2332,19430,494,21806,21762,19430,19430,494
EUR,2022-12-03T00:00:00Z,2384,2461,14197,466,16581,16658,14197,14197,466
EUR,2022-12-04T00:00:00Z,2497,2449,16785,496,19282,19234,16785,16785,496
EUR,2022-12-05T00:00:00Z,2264,2209,18417,475,20681,20626,18417,18417,475
EUR,2022-12-06T00:00:00Z,2196,2178,16838,485,19034,19016,16838,16838,485
EUR,2022-12-07T00:00:00Z,2162,2197,17649,501,19811,19846,17649,17649,501
EUR,2022-12-08T00:00:00Z,2309,2319,18107,482,20416,20426,18107,18107,482
EUR,2022-12-09T00:00:00Z,2359,2336,18966,524,21325,21302,18966,18966,524
EUR,2022-12-10T00:00:00Z,2370,2429,14488,490,16858,16917,14488,14488,490
EUR,2022-12-11T00:00:00Z,2441,2402,16317,539,18758,18719,16317,16317,539
EUR,2022-12-12T00:00:00Z,2333,2271,18130,482,20463,20401,18130,18130,482
EUR,2022-12-13T00:00:00Z,2208,2229,17138,552,19346,19367,17138,17138,552
EUR,2022-12-14T00:00:00Z,2231,2267,17034,545,19265,19301,17034,17034,545
EUR,2022-12-15T00:00:00Z,2407,2411,18223,534,20630,20634,18223,18223,534
EUR,2022-12-16T00:00:00Z,2445,2453,19442,518,21887,21895,19442,19442,518
EUR,2022-12-17T00:00:00Z,2529,2623,15594,497,18123,18217,15594,15594,497
EUR,2022-12-18T00:00:00Z,2517,2506,17079,528,19596,19585,17079,17079,528
EUR,2022-12-19T00:00:00Z,2533,2426,18496,510,21029,20922,18496,18496,510
EUR,2022-12-20T00:00:00Z,2395,2418,18114,521,20509,20532,18114,18114,521
EUR,2022-12-21T00:00:00Z,2402,2395,18568,536,20970,20963,18568,18568,536
EUR,2022-12-22T00:00:00Z,2487,2516,19300,528,21787,21816,19300,19300,528
EUR,2022-12-23T00:00:00Z,2492,2506,19684,516,22176,22190,19684,19684,516
EUR,2022-12-24T00:00:00Z,2378,2326,12954,485,15332,15280,12954,12954,485
EUR,2022-12-25T00:00:00Z,2201,2182,9383,512,11584,11565,9383,9383,512
EUR,2022-12-26T00:00:00Z,2313,2396,16339,501,18652,18735,16339,16339,501
EUR,2022-12-27T00:00:00Z,2328,2353,16880,527,19208,19233,16880,16880,527
EUR,2022-12-28T00:00:00Z,2371,2370,16925,572,19296,19295,16925,16925,572
EUR,2022-12-29T00:00:00Z,2430,2485,17242,535,19672,19727,17242,17242,535
EUR,2022-12-30T00:00:00Z,2464,2464,18221,551,20685,20685,18221,18221,551
EUR,2022-12-31T00:00:00Z,2337,2335,12729,501,15066,15064,12729,12729,501
EUR,2023-01-01T00:00:00Z,2744,2860,15625,1070,18369,18485,15625,15625,560
EUR,2023-01-02T00:00:00Z,2463,2391,18633,530,21096,21024,18633,18633,530
EUR,2023-01-03T00:00:00Z,2416,2411,17252,555,19668,19663,17252,17252,555
EUR,2023-01-04T00:00:00Z,2342,2319,17300,560,19642,19619,17300,17300,560
EUR,2023-01-05T00:00:00Z,2415,2419,17670,529,20085,20089,17670,17670,529
EUR,2023-01-06T00:00:00Z,2472,2492,18293,540,20765,20785,18293,18293,540
EUR,2023-01-07T00:00:00Z,2535,2542,15722,544,18257,18264,15722,15722,544
EUR,2023-01-08T00:00:00Z,2603,2491,17383,553,19986,19874,17383,17383,553
EUR,2023-01-09T00:00:00Z,2377,2278,17682,520,20059,19960,17682,17682,520
EUR,2023-01-10T00:00:00Z,2206,2201,15742,531,17948,17943,15742,15742,531
EUR,2023-01-11T00:00:00Z,2195,2164,16036,530,18231,18200,16036,16036,530
EUR,2023-01-12T00:00:00Z,2272,2310,16911,475,19183,19221,16911,16911,475
EUR,2023-01-13T00:00:00Z,2325,2308,18345,504,20670,20653,18345,18345,504
EUR,2023-01-14T00:00:00Z,2373,2404,14250,479,16623,16654,14250,14250,479
EUR,2023-01-15T00:00:00Z,2461,2372,16224,487,18685,18596,16224,16224,487
EUR,2023-01-16T00:00:00Z,2359,2176,17174,445,19533,19350,17174,17174,445
EUR,2023-01-17T00:00:00Z,2121,2095,15335,466,17456,17430,15335,15335,466
EUR,2023-01-18T00:00:00Z,2065,2091,15891,485,17956,17982,15891,15891,485
EUR,2023-01-19T00:00:00Z,2231,2244,16456,437,18687,18700,16456,16456,437
EUR,2023-01-20T00:00:00Z,2290,2368,18817,476,21107,21185,18817,18817,476
EUR,2023-01-21T00:00:00Z,2380,2415,14227,446,16607,16642,14227,14227,446
EUR,2023-01-22T00:00:00Z,2376,2398,16202,461,18578,18600,16202,16202,461
EUR,2023-01-23T00:00:00Z,2193,2120,17361,441,19554,19481,17361,17361,441
EUR,2023-01-24T00:00:00Z,2032,2025,15536,453,17568,17561,15536,15536,453
EUR,2023-01-25T00:00:00Z,2036,2073,15857,470,17893,17930,15857,15857,470
EUR,2023-01-26T00:00:00Z,2230,2213,17007,438,19237,19220,17007,17007,438
EUR,2023-01-27T00:00:00Z,2215,2247,18355,468,20570,20602,18355,18355,468
EUR,2023-01-28T00:00:00Z,2314,2372,14305,437,16619,16677,14305,14305,437
EUR,2023-01-29T00:00:00Z,2368,2329,16453,464,18821,18782,16453,16453,464
EUR,2023-01-30T00:00:00Z,2154,2090,17610,433,19764,19700,17610,17610,433
EUR,2023-01-31T00:00:00Z,2057,2082,15296,450,17353,17378,15296,15296,450
EUR,2023-02-01T00:00:00Z,2404,2498,17162,976,19566,19660,17162,17162,441
EUR,2023-02-02T00:00:00Z,2236,2253,17228,445,19464,19481,17228,17228,445
EUR,2023-02-03T00:00:00Z,2295,2302,18997,469,21292,21299,18997,18997,469
EUR,2023-02-04T00:00:00Z,2373,2450,14687,441,17060,17137,14687,14687,441
EUR,2023-02-05T00:00:00Z,2397,2290,16549,461,18946,18839,16549,16549,461
EUR,2023-02-06T00:00:00Z,2218,2186,17927,432,20145,20113,17927,17927,432
EUR,2023-02-07T00:00:00Z,2117,2076,16077,462,18194,18153,16077,16077,462
EUR,2023-02-08T00:00:00Z,2122,2136,16976,481,19098,19112,16976,16976,481
EUR,2023-02-09T00:00:00Z,2261,2323,18355,451,20616,20678,18355,18355,451
EUR,2023-02-10T00:00:00Z,2347,2371,20472,490,22819,22843,20472,20472,490
EUR,2023-02-11T00:00:00Z,2405,2450,15920,474,18325,18370,15920,15920,474
EUR,2023-02-12T00:00:00Z,2475,2406,17794,485,20269,20200,17794,17794,485
EUR,2023-02-13T00:00:00Z,2273,2215,18907,431,21180,21122,18907,18907,431
EUR,2023-02-14T00:00:00Z,2167,2192,16987,458,19154,19179,16987,16987,458
EUR,2023-02-15T00:00:00Z,2227,2228,17639,506,19866,19867,17639,17639,506
EUR,2023-02-16T00:00:00Z,2361,2344,18559,459,20920,20903,18559,18559,459
EUR,2023-02-17T00:00:00Z,2225,2206,18517,483,20742,20723,18517,18517,483
EUR,2023-02-18T00:00:00Z,2520,2579,16785,477,19305,19364,16785,16785,477
EUR,2023-02-19T00:00:00Z,2499,2462,18282,482,20781,20744,18282,18282,482
EUR,2023-02-20T00:00:00Z,2311,2262,19022,465,21333,21284,19022,19022,465
EUR,2023-02-21T00:00:00Z,2235,2218,17158,467,19393,19376,17158,17158,467
EUR,2023-02-22T00:00:00Z,2280,2295,17856,534,20136,20151,17856,17856,534
EUR,2023-02-23T00:00:00Z,2377,2409,18622,496,20999,21031,18622,18622,496
EUR,2023-02-24T00:00:00Z,2414,2415,20170,472,22584,22585,20170,20170,472
EUR,2023-02-25T00:00:00Z,2490,2523,16242,480,18732,18765,16242,16242,480
EUR,2023-02-26T00:00:00Z,2562,2494,18035,514,20597,20529,18035,18035,514
EUR,2023-02-27T00:00:00Z,2366,2276,18939,476,21305,21215,18939,18939,476
EUR,2023-02-28T00:00:00Z,2216,2268,17366,471,19582,19634,17366,17366,471
EUR,2023-03-01T00:00:00Z,2863,2960,19352,1197,22215,22312,19352,19352,464
EUR,2023-03-02T00:00:00Z,2444,2485,18841,486,21285,21326,18841,18841,486
EUR,2023-03-03T00:00:00Z,2487,2484,20280,496,22767,22764,20280,20280,496
EUR,2023-03-04T00:00:00Z,2508,2561,16084,464,18592,18645,16084,16084,464
EUR,2023-03-05T00:00:00Z,2588,2540,17935,490,20523,20475,17935,17935,490
EUR,2023-03-06T00:00:00Z,2400,2300,19014,479,21414,21314,19014,19014,479
EUR,2023-03-07T00:00:00Z,2207,2191,16334,488,18541,18525,16334,16334,488
EUR,2023-03-08T00:00:00Z,2248,2271,16944,520,19192,19215,16944,16944,520
EUR,2023-03-09T00:00:00Z,2371,2396,18320,487,20691,20716,18320,18320,487
EUR,2023-03-10T00:00:00Z,2408,2429,19057,490,21465,21486,19057,19057,490
EUR,2023-03-11T00:00:00Z,2514,2569,15682,464,18196,18251,15682,15682,464
EUR,2023-03-12T00:00:00Z,2563,2531,17963,521,20526,20494,17963,17963,521
EUR,2023-03-13T00:00:00Z,2400,2295,18790,507,21190,21085,18790,18790,507
EUR,2023-03-14T00:00:00Z,2269,2301,17605,487,19874,19906,17605,17605,487
EUR,2023-03-15T00:00:00Z,2329,2355,18278,515,20607,20633,18278,18278,515
EUR,2023-03-16T00:00:00Z,2430,2446,19114,527,21544,21560,19114,19114,527
EUR,2023-03-17T00:00:00Z,2471,2533,20367,492,22838,22900,20367,20367,492
EUR,2023-03-18T00:00:00Z,2572,2605,16085,494,18657,18690,16085,16085,494
EUR,2023-03-19T00:00:00Z,2611,2538,18233,537,20844,20771,18233,18233,537
EUR,2023-03-20T00:00:00Z,2495,2407,19574,521,22069,21981,19574,19574,521
EUR,2023-03-21T00:00:00Z,2322,2318,17849,499,20171,20167,17849,17849,499
EUR,2023-03-22T00:00:00Z,2333,2335,18363,568,20696,20698,18363,18363,568
EUR,2023-03-23T00:00:00Z,2381,2386,19012,504,21393,21398,19012,19012,504
EUR,2023-03-24T00:00:00Z,2411,2427,20050,514,22461,22477,20050,20050,514
EUR,2023-03-25T00:00:00Z,2490,2523,15521,495,18011,18044,15521,15521,495
EUR,2023-03-26T00:00:00Z,2537,2435,18414,495,20951,20849,18414,18414,495
EUR,2023-03-27T00:00:00Z,2174,2075,18844,491,21018,20919,18844,18844,491
EUR,2023-03-28T00:00:00Z,2328,2357,20013,501,22341,22370,20013,20013,501
EUR,2023-03-29T00:00:00Z,2372,2362,20881,511,23253,23243,20881,20881,511
EUR,2023-03-30T00:00:00Z,2450,2460,21619,496,24069,24079,21619,21619,496
EUR,2023-03-31T00:00:00Z,2469,2553,21675,504,24144,24228,21675,21675,504
EUR,2023-04-01T00:00:00Z,3210,3316,19438,1190,22648,22754,19438,19438,510
EUR,2023-04-02T00:00:00Z,2690,2601,19308,531,21998,21909,19308,19308,531
EUR,2023-04-03T00:00:00Z,2423,2425,21673,518,24096,24098,21673,21673,518
EUR,2023-04-04T00:00:00Z,2483,2434,20829,510,23312,23263,20829,20829,510
EUR,2023-04-05T00:00:00Z,2391,2424,21802,494,24193,24226,21802,21802,494
EUR,2023-04-06T00:00:00Z,2479,2480,21736,500,24215,24216,21736,21736,500
EUR,2023-04-07T00:00:00Z,2519,2553,20696,522,23215,23249,20696,20696,522
EUR,2023-04-08T00:00:00Z,2558,2608,18115,507,20673,20723,18115,18115,507
EUR,2023-04-09T00:00:00Z,2625,2574,19257,541,21882,21831,19257,19257,541
EUR,2023-04-10T00:00:00Z,2460,2363,21086,512,23546,23449,21086,21086,512
EUR,2023-04-11T00:00:00Z,2434,2387,21411,478,23845,23798,21411,21411,478
EUR,2023-04-12T00:00:00Z,2371,2424,21415,524,23786,23839,21415,21415,524
EUR,2023-04-13T00:00:00Z,2540,2527,22164,529,24704,24691,22164,22164,529
EUR,2023-04-14T00:00:00Z,2610,2601,23027,515,25637,25628,23027,23027,515
EUR,2023-04-15T00:00:00Z,2666,2700,19098,493,21764,21798,19098,19098,493
EUR,2023-04-16T00:00:00Z,2689,2607,20629,535,23318,23236,20629,20629,535
EUR,2023-04-17T00:00:00Z,2516,2430,22633,494,25149,25063,22633,22633,494
EUR,2023-04-18T00:00:00Z,2482,2458,22166,489,24648,24624,22166,22166,489
EUR,2023-04-19T00:00:00Z,2554,2543,22521,525,25075,25064,22521,22521,525
EUR,2023-04-20T00:00:00Z,2664,2701,22881,538,25545,25582,22881,22881,538
EUR,2023-04-21T00:00:00Z,2664,2652,23185,559,25849,25837,23185,23185,559
EUR,2023-04-22T00:00:00Z,2712,2795,19410,516,22122,22205,19410,19410,516
EUR,2023-04-23T00:00:00Z,2844,2804,21266,560,24110,24070,21266,21266,560
EUR,2023-04-24T00:00:00Z,2692,2620,22555,541,25247,25175,22555,22555,541
EUR,2023-04-25T00:00:00Z,2629,2615,21846,551,24475,24461,21846,21846,551
EUR,2023-04-26T00:00:00Z,2606,2629,22674,575,25280,25303,22674,22674,575
EUR,2023-04-27T00:00:00Z,2743,2777,23623,561,26366,26400,23623,23623,561
EUR,2023-04-28T00:00:00Z,2788,2743,24259,569,27047,27002,24259,24259,569
EUR,2023-04-29T00:00:00Z,2772,2861,19666,543,22438,22527,19666,19666,543
EUR,2023-04-30T00:00:00Z,2848,2778,20814,583,23662,23592,20814,20814,583
EUR,2023-05-01T00:00:00Z,3499,3477,22002,1338,25501,25479,22002,22002,546
EUR,2023-05-02T00:00:00Z,2607,2603,22387,537,24994,24990,22387,22387,537
EUR,2023-05-03T00:00:00Z,2638,2620,22916,580,25554,25536,22916,22916,580
EUR,2023-05-04T00:00:00Z,2743,2714,24023,546,26766,26737,24023,24023,546
EUR,2023-05-05T00:00:00Z,2691,2703,24165,561,26856,26868,24165,24165,561
EUR,2023-05-06T00:00:00Z,2749,2815,20086,522,22835,22901,20086,20086,522
EUR,2023-05-07T00:00:00Z,2871,2815,21723,568,24594,24538,21723,21723,568
EUR,2023-05-08T00:00:00Z,2731,2658,23242,562,25973,25900,23242,23242,562
EUR,2023-05-09T00:00:00Z,2629,2604,22939,540,25568,25543,22939,22939,540
EUR,2023-05-10T00:00:00Z,2631,2603,23360,548,25991,25963,23360,23360,548
EUR,2023-05-11T00:00:00Z,2703,2731,24078,534,26781,26809,24078,24078,534
EUR,2023-05-12T00:00:00Z,2700,2703,24782,542,27482,27485,24782,24782,542
EUR,2023-05-13T00:00:00Z,2705,2770,20701,516,23406,23471,20701,20701,516
EUR,2023-05-14T00:00:00Z,2838,2761,22273,544,25111,25034,22273,22273,544
EUR,2023-05-15T00:00:00Z,2671,2640,23871,532,26542,26511,23871,23871,532
EUR,2023-05-16T00:00:00Z,2616,2621,23080,500,25696,25701,23080,23080,500
EUR,2023-05-17T00:00:00Z,2655,2643,23577,549,26232,26220,23577,23577,549
EUR,2023-05-18T00:00:00Z,2749,2722,23040,499,25789,25762,23040,23040,499
EUR,2023-05-19T00:00:00Z,2655,2624,22762,548,25417,25386,22762,22762,548
EUR,2023-05-20T00:00:00Z,2742,2758,20716,494,23458,23474,20716,20716,494
EUR,2023-05-21T00:00:00Z,2890,2813,23246,540,26136,26059,23246,23246,540
EUR,2023-05-22T00:00:00Z,2640,2650,24343,518,26983,26993,24343,24343,518
EUR,2023-05-23T00:00:00Z,2686,2673,23618,515,26304,26291,23618,23618,515
EUR,2023-05-24T00:00:00Z,2738,2691,24202,527,26940,26893,24202,24202,527
EUR,2023-05-25T00:00:00Z,2782,2741,25043,517,27825,27784,25043,25043,517
EUR,2023-05-26T00:00:00Z,2755,2747,25931,522,28686,28678,25931,25931,522
EUR,2023-05-27T00:00:00Z,2777,2844,21955,507,24732,24799,21955,21955,507
EUR,2023-05-28T00:00:00Z,2861,2848,22414,560,25275,25262,22414,22414,560
EUR,2023-05-29T00:00:00Z,2736,2725,24202,533,26938,26927,24202,24202,533
EUR,2023-05-30T00:00:00Z,2756,2736,24239,507,26995,26975,24239,24239,507
EUR,2023-05-31T00:00:00Z,2738,2755,24700,546,27438,27455,24700,24700,546
EUR,2023-06-01T00:00:00Z,4126,4188,26839,1598,30965,31027,26839,26839,586
EUR,2023-06-02T00:00:00Z,2918,2883,25725,550,28643,28608,25725,25725,550
EUR,2023-06-03T00:00:00Z,2963,2946,22150,549,25113,25096,22150,22150,549
EUR,2023-06-04T00:00:00Z,2996,3005,23542,586,26538,26547,23542,23542,586
EUR,2023-06-05T00:00:00Z,2883,2833,25211,572,28094,28044,25211,25211,572
EUR,2023-06-06T00:00:00Z,2814,2785,23543,559,26357,26328,23543,23543,559
EUR,2023-06-07T00:00:00Z,2873,2877,25398,600,28271,28275,25398,25398,600
EUR,2023-06-08T00:00:00Z,3004,2969,25472,583,28476,28441,25472,25472,583
EUR,2023-06-09T00:00:00Z,2998,2929,26040,613,29038,28969,26040,26040,613
EUR,2023-06-10T00:00:00Z,2960,2957,22637,560,25597,25594,22637,22637,560
EUR,2023-06-11T00:00:00Z,3021,3069,24568,611,27589,27637,24568,24568,611
EUR,2023-06-12T00:00:00Z,2935,2917,25497,600,28432,28414,25497,25497,600
EUR,2023-06-13T00:00:00Z,2939,2905,24949,573,27888,27854,24949,24949,573
EUR,2023-06-14T00:00:00Z,2937,2904,25535,622,28472,28439,25535,25535,622
EUR,2023-06-15T00:00:00Z,3053,3103,26590,596,29643,29693,26590,26590,596
EUR,2023-06-16T00:00:00Z,3108,3027,27003,614,30111,30030,27003,27003,614
EUR,2023-06-17T00:00:00Z,3003,3047,22904,595,25907,25951,22904,22904,595
EUR,2023-06-18T00:00:00Z,3086,3077,24220,599,27306,27297,24220,24220,599
EUR,2023-06-19T00:00:00Z,3065,2978,26155,588,29220,29133,26155,26155,588
EUR,2023-06-20T00:00:00Z,3002,3018,24821,561,27823,27839,24821,24821,561
EUR,2023-06-21T00:00:00Z,3006,3005,26037,605,29043,29042,26037,26037,605
EUR,2023-06-22T00:00:00Z,3151,3138,26082,593,29233,29220,26082,26082,593
EUR,2023-06-23T00:00:00Z,3119,3126,26671,596,29790,29797,26671,26671,596
EUR,2023-06-24T00:00:00Z,3097,3153,23215,541,26312,26368,23215,23215,541
EUR,2023-06-25T00:00:00Z,3232,3249,24856,576,28088,28105,24856,24856,576
EUR,2023-06-26T00:00:00Z,3127,3100,26491,568,29618,29591,26491,26491,568
EUR,2023-06-27T00:00:00Z,3142,3098,25868,548,29010,28966,25868,25868,548
EUR,2023-06-28T00:00:00Z,3102,3103,26097,567,29199,29200,26097,26097,567
EUR,2023-06-29T00:00:00Z,3191,3189,26532,542,29723,29721,26532,26532,542
EUR,2023-06-30T00:00:00Z,3183,3166,26963,562,30146,30129,26963,26963,562
EUR,2023-07-01T00:00:00Z,4449,4574,25405,1741,29854,29979,25405,25405,594
EUR,2023-07-02T00:00:00Z,3275,3292,25425,574,28700,28717,25425,25425,574
EUR,2023-07-03T00:00:00Z,3218,3185,26458,586,29676,29643,26458,26458,586
EUR,2023-07-04T00:00:00Z,3154,3160,25512,594,28666,28672,25512,25512,594
EUR,2023-07-05T00:00:00Z,3177,3191,25685,610,28862,28876,25685,25685,610
EUR,2023-07-06T00:00:00Z,3285,3281,26785,620,30070,30066,26785,26785,620
EUR,2023-07-07T00:00:00Z,3239,3223,27379,635,30618,30602,27379,27379,635
EUR,2023-07-08T00:00:00Z,3161,3239,23859,600,27020,27098,23859,23859,600
EUR,2023-07-09T00:00:00Z,3294,3275,25063,624,28357,28338,25063,25063,624
EUR,2023-07-10T00:00:00Z,3222,3160,26476,600,29698,29636,26476,26476,600
EUR,2023-07-11T00:00:00Z,3170,3181,25422,611,28592,28603,25422,25422,611
EUR,2023-07-12T00:00:00Z,3208,3222,25966,610,29174,29188,25966,25966,610
EUR,2023-07-13T00:00:00Z,3301,3330,26506,604,29807,29836,26506,26506,604
EUR,2023-07-14T00:00:00Z,3261,3235,26728,629,29989,29963,26728,26728,629
EUR,2023-07-15T00:00:00Z,3166,3236,23029,618,26195,26265,23029,23029,618
EUR,2023-07-16T00:00:00Z,3309,3323,25185,614,28494,28508,25185,25185,614
EUR,2023-07-17T00:00:00Z,3266,3201,26289,594,29555,29490,26289,26289,594
EUR,2023-07-18T00:00:00Z,3165,3180,25669,596,28834,28849,25669,25669,596
EUR,2023-07-19T00:00:00Z,3191,3223,25925,596,29116,29148,25925,25925,596
EUR,2023-07-20T00:00:00Z,3352,3303,26572,601,29924,29875,26572,26572,601
EUR,2023-07-21T00:00:00Z,3212,3202,26734,606,29946,29936,26734,26734,606
EUR,2023-07-22T00:00:00Z,3188,3231,23985,582,27173,27216,23985,23985,582
EUR,2023-07-23T00:00:00Z,3296,3262,25113,582,28409,28375,25113,25113,582
EUR,2023-07-24T00:00:00Z,3211,3176,25800,565,29011,28976,25800,25800,565
EUR,2023-07-25T00:00:00Z,3194,3194,25177,584,28371,28371,25177,25177,584
EUR,2023-07-26T00:00:00Z,3175,3227,25836,597,29011,29063,25836,25836,597
EUR,2023-07-27T00:00:00Z,3307,3295,26263,580,29570,29558,26263,26263,580
EUR,2023-07-28T00:00:00Z,3196,3190,26841,578,30037,30031,26841,26841,578
EUR,2023-07-29T00:00:00Z,3185,3222,23884,570,27069,27106,23884,23884,570
EUR,2023-07-30T00:00:00Z,3302,3293,25111,605,28413,28404,25111,25111,605
EUR,2023-07-31T00:00:00Z,3217,3179,26010,587,29227,29189,26010,26010,587
EUR,2023-08-01T00:00:00Z,4552,4603,26522,1827,31074,31125,26522,26522,578
EUR,2023-08-02T00:00:00Z,3185,3256,25422,586,28607,28678,25422,25422,586
EUR,2023-08-03T00:00:00Z,3331,3324,25764,564,29095,29088,25764,25764,564
EUR,2023-08-04T00:00:00Z,3263,3234,26374,578,29637,29608,26374,26374,578
EUR,2023-08-05T00:00:00Z,3180,3248,24033,565,27213,27281,24033,24033,565
EUR,2023-08-06T00:00:00Z,3286,3273,24818,600,28104,28091,24818,24818,600
EUR,2023-08-07T00:00:00Z,3251,3204,25874,553,29125,29078,25874,25874,553
EUR,2023-08-08T00:00:00Z,3163,3189,24921,558,28084,28110,24921,24921,558
EUR,2023-08-09T00:00:00Z,3211,3192,25519,574,28730,28711,25519,25519,574
EUR,2023-08-10T00:00:00Z,3300,3294,25967,555,29267,29261,25967,25967,555
EUR,2023-08-11T00:00:00Z,3236,3258,26546,571,29782,29804,26546,26546,571
EUR,2023-08-12T00:00:00Z,3179,3239,23973,563,27152,27212,23973,23973,563
EUR,2023-08-13T00:00:00Z,3317,3269,24905,563,28222,28174,24905,24905,563
EUR,2023-08-14T00:00:00Z,3178,3134,25200,579,28378,28334,25200,25200,579
EUR,2023-08-15T00:00:00Z,3203,3224,24382,569,27585,27606,24382,24382,569
EUR,2023-08-16T00:00:00Z,3175,3185,25134,603,28309,28319,25134,25134,603
EUR,2023-08-17T00:00:00Z,3315,3321,25533,588,28848,28854,25533,25533,588
EUR,2023-08-18T00:00:00Z,3245,3213,26313,603,29558,29526,26313,26313,603
EUR,2023-08-19T00:00:00Z,3225,3250,23746,556,26971,26996,23746,23746,556
EUR,2023-08-20T00:00:00Z,3357,3327,25142,596,28499,28469,25142,25142,596
EUR,2023-08-21T00:00:00Z,3258,3193,26115,567,29373,29308,26115,26115,567
EUR,2023-08-22T00:00:00Z,3204,3224,25452,582,28656,28676,25452,25452,582
EUR,2023-08-23T00:00:00Z,3238,3215,25902,601,29140,29117,25902,25902,601
EUR,2023-08-24T00:00:00Z,3343,3316,25932,587,29275,29248,25932,25932,587
EUR,2023-08-25T00:00:00Z,3256,3226,26436,603,29692,29662,26436,26436,603
EUR,2023-08-26T00:00:00Z,3204,3299,23385,558,26589,26684,23385,23385,558
EUR,2023-08-27T00:00:00Z,3312,3321,24526,602,27838,27847,24526,24526,602
EUR,2023-08-28T00:00:00Z,3234,3151,24171,577,27405,27322,24171,24171,577
EUR,2023-08-29T00:00:00Z,3185,3185,26002,588,29187,29187,26002,26002,588
EUR,2023-08-30T00:00:00Z,3233,3238,26397,601,29630,29635,26397,26397,601
EUR,2023-08-31T00:00:00Z,3286,3246,26821,596,30107,30067,26821,26821,596
EUR,2023-09-01T00:00:00Z,4271,4330,28206,1570,32477,32536,28206,28206,577
EUR,2023-09-02T00:00:00Z,3141,3217,23496,555,26637,26713,23496,23496,555
EUR,2023-09-03T00:00:00Z,3267,3206,25348,576,28615,28554,25348,25348,576
EUR,2023-09-04T00:00:00Z,3136,3106,26289,577,29425,29395,26289,26289,577
EUR,2023-09-05T00:00:00Z,3085,3124,25409,567,28494,28533,25409,25409,567
EUR,2023-09-06T00:00:00Z,3093,3078,25893,593,28986,28971,25893,25893,593
EUR,2023-09-07T00:00:00Z,3198,3173,26628,598,29826,29801,26628,26628,598
EUR,2023-09-08T00:00:00Z,3035,3082,26622,581,29657,29704,26622,26622,581
EUR,2023-09-09T00:00:00Z,3046,3140,23128,560,26174,26268,23128,23128,560
EUR,2023-09-10T00:00:00Z,3212,3149,25065,599,28277,28214,25065,25065,599
EUR,2023-09-11T00:00:00Z,3067,3018,26192,568,29259,29210,26192,26192,568
EUR,2023-09-12T00:00:00Z,3075,3030,25355,596,28430,28385,25355,25355,596
EUR,2023-09-13T00:00:00Z,3042,3066,25875,591,28917,28941,25875,25875,591
EUR,2023-09-14T00:00:00Z,3157,3135,26521,596,29678,29656,26521,26521,596
EUR,2023-09-15T00:00:00Z,3062,3030,27021,586,30083,30051,27021,27021,586
EUR,2023-09-16T00:00:00Z,3003,3069,22739,562,25742,25808,22739,22739,562
EUR,2023-09-17T00:00:00Z,3063,3076,24747,577,27810,27823,24747,24747,577
EUR,2023-09-18T00:00:00Z,3077,3028,25655,570,28732,28683,25655,25655,570
EUR,2023-09-19T00:00:00Z,3031,2994,25098,571,28129,28092,25098,25098,571
EUR,2023-09-20T00:00:00Z,2979,3008,25812,601,28791,28820,25812,25812,601
EUR,2023-09-21T00:00:00Z,3090,3062,26196,593,29286,29258,26196,26196,593
EUR,2023-09-22T00:00:00Z,3056,3036,26705,599,29761,29741,26705,26705,599
EUR,2023-09-23T00:00:00Z,3010,3035,22446,559,25456,25481,22446,22446,559
EUR,2023-09-24T00:00:00Z,2999,2944,24482,551,27481,27426,24482,24482,551
EUR,2023-09-25T00:00:00Z,2767,2782,25909,521,28676,28691,25909,25909,521
EUR,2023-09-26T00:00:00Z,3012,3020,25155,578,28167,28175,25155,25155,578
EUR,2023-09-27T00:00:00Z,2997,2984,25639,584,28636,28623,25639,25639,584
EUR,2023-09-28T00:00:00Z,3087,3049,26313,568,29400,29362,26313,26313,568
EUR,2023-09-29T00:00:00Z,3053,3047,26443,581,29496,29490,26443,26443,581
EUR,2023-09-30T00:00:00Z,3035,3119,22542,547,25577,25661,22542,22542,547
EUR,2023-10-01T00:00:00Z,3103,3061,24114,583,27217,27175,24114,24114,561
EUR,2023-10-02T00:00:00Z,2993,2960,25069,561,28062,28029,25069,25069,561
EUR,2023-10-03T00:00:00Z,2966,2965,24174,556,27140,27139,24174,24174,556
EUR,2023-10-04T00:00:00Z,2898,2947,24821,561,27719,27768,24821,24821,561
EUR,2023-10-05T00:00:00Z,3014,2996,25447,566,28461,28443,25447,25447,566
EUR,2023-10-06T00:00:00Z,2946,3007,26046,560,28992,29053,26046,26046,560
EUR,2023-10-07T00:00:00Z,3003,2969,21800,529,24803,24769,21800,21800,529
EUR,2023-10-08T00:00:00Z,2968,2957,23675,540,26643,26632,23675,23675,540
EUR,2023-10-09T00:00:00Z,2855,2825,24783,526,27638,27608,24783,24783,526
EUR,2023-10-10T00:00:00Z,2884,2838,23750,556,26634,26588,23750,23750,556
EUR,2023-10-11T00:00:00Z,2821,2830,24222,554,27043,27052,24222,24222,554
EUR,2023-10-12T00:00:00Z,2891,2901,25052,537,27943,27953,25052,25052,537
EUR,2023-10-13T00:00:00Z,2862,2868,24763,544,27625,27631,24763,24763,544
EUR,2023-10-14T00:00:00Z,2875,2953,21358,532,24233,24311,21358,21358,532
EUR,2023-10-15T00:00:00Z,2977,2909,23216,556,26193,26125,23216,23216,556
EUR,2023-10-16T00:00:00Z,2864,2797,24806,523,27670,27603,24806,24806,523
EUR,2023-10-17T00:00:00Z,2771,2759,23447,535,26218,26206,23447,23447,535
EUR,2023-10-18T00:00:00Z,2743,2768,23792,538,26535,26560,23792,23792,538
EUR,2023-10-19T00:00:00Z,2804,2848,24195,508,26999,27043,24195,24195,508
EUR,2023-10-20T00:00:00Z,2821,2827,24150,534,26971,26977,24150,24150,534
EUR,2023-10-21T00:00:00Z,2858,2872,21024,531,23882,23896,21024,21024,531
EUR,2023-10-22T00:00:00Z,2856,2846,22880,543,25736,25726,22880,22880,543
EUR,2023-10-23T00:00:00Z,2765,2719,23868,505,26633,26587,23868,23868,505
EUR,2023-10-24T00:00:00Z,2684,2700,23201,507,25885,25901,23201,23201,507
EUR,2023-10-25T00:00:00Z,2714,2728,23755,526,26469,26483,23755,23755,526
